k, f, h2OmegaGW
1.147902444041151435e-08 1.358141997452014668e-13 7.045077158935561006e-45
9.686811388871234385e+00 1.146096119658655284e-04 2.130213124925587121e-11
1.937362276626344482e+01 2.292192237959168454e-04 8.140744396363050122e-11
2.906043414365565525e+01 3.438288356259681759e-04 1.726367921354770050e-10
3.874724552104786568e+01 4.584384474560195336e-04 2.730287751784090127e-10
4.843405689844007611e+01 5.730480592860708912e-04 3.656479306041151328e-10
5.812086827583228654e+01 6.876576711161220320e-04 4.354716789740345320e-10
6.780767965322449697e+01 8.022672829461732812e-04 4.812213165170489169e-10
7.749449103061671451e+01 9.168768947762250725e-04 5.034475390838275285e-10
8.718130240800893205e+01 1.031486506606276322e-03 5.115521263260995742e-10
9.686811378540113537e+01 1.146096118436327679e-03 5.211161455555320665e-10
1.065549251627933387e+02 1.260705730266378820e-03 5.514072086556553578e-10
1.162417365401855562e+02 1.375315342096430178e-03 6.236985259441186935e-10
1.259285479175777738e+02 1.489924953926481535e-03 7.581555285264383688e-10
1.356153592949699487e+02 1.604534565756532676e-03 9.658481619058266150e-10
1.453021706723621662e+02 1.719144177586583817e-03 1.243521888835441166e-09
1.549889820497543838e+02 1.833753789416635391e-03 1.553752947800510668e-09
1.646757934271466013e+02 1.948363401246686966e-03 1.812354494925752183e-09
1.743626048045388188e+02 2.062973013076738107e-03 1.957697243746351536e-09
1.840494161819310079e+02 2.177582624906789031e-03 1.958257049434380627e-09
1.937362275593232255e+02 2.292192236736840822e-03 1.800935085851834433e-09
2.034230389367154430e+02 2.406801848566891746e-03 1.494128826308637704e-09
2.131098503141076321e+02 2.521411460396943537e-03 1.066345454906478611e-09
2.227966616914998497e+02 2.636021072226994028e-03 5.808061144987937363e-10
2.324834730688920672e+02 2.750630684057046686e-03 1.754776995799947673e-10
2.421702844462842847e+02 2.865240295887097177e-03 8.916193385264484107e-11
2.518570958236765023e+02 2.979849907717148968e-03 5.510668036861711071e-11
2.615439072010686914e+02 3.094459519547199458e-03 3.605243283685904177e-11
2.712307185784608805e+02 3.209069131377250382e-03 2.381802171976416898e-11
2.809175299558531265e+02 3.323678743207302173e-03 1.593897309914064059e-11
2.906043413332453156e+02 3.438288355037353965e-03 1.030560780433385822e-11
3.002911527106375615e+02 3.552897966867405322e-03 6.631408492056814249e-12
3.099779640880297507e+02 3.667507578697456680e-03 4.200428973509447516e-12
3.196647754654219398e+02 3.782117190527507170e-03 2.400579153235467862e-12
3.293515868428141857e+02 3.896726802357558962e-03 1.229921791107906464e-12
3.390383982202063748e+02 4.011336414187610319e-03 7.845253229578295211e-13
3.487252095975986208e+02 4.125946026017662110e-03 4.519460677476871777e-13
3.584120209749908099e+02 4.240555637847713902e-03 1.294129953748588243e-13
3.680988323523829990e+02 4.355165249677764826e-03 5.675085203264412055e-14
3.777856437297752450e+02 4.469774861507815750e-03 8.613762386359604268e-15
3.874724551071674341e+02 4.584384473337866674e-03 2.775063662856261324e-15
3.971592664845596232e+02 4.698994085167917598e-03 1.794048677431931732e-16
4.068460778619518692e+02 4.813603696997970256e-03 0.000000000000000000e+00
4.165328892393440583e+02 4.928213308828020313e-03 0.000000000000000000e+00
4.262197006167362474e+02 5.042822920658072104e-03 0.000000000000000000e+00
4.359065119941284934e+02 5.157432532488123895e-03 0.000000000000000000e+00
4.455933233715206825e+02 5.272042144318173952e-03 0.000000000000000000e+00
4.552801347489129284e+02 5.386651756148225743e-03 0.000000000000000000e+00
4.649669461263051176e+02 5.501261367978277535e-03 0.000000000000000000e+00
4.746537575036973067e+02 5.615870979808329326e-03 0.000000000000000000e+00
4.843405688810895526e+02 5.730480591638381117e-03 0.000000000000000000e+00
4.940273802584817417e+02 5.845090203468432909e-03 0.000000000000000000e+00
5.037141916358739877e+02 5.959699815298482965e-03 0.000000000000000000e+00
5.134010030132661768e+02 6.074309427128534757e-03 0.000000000000000000e+00
5.230878143906584228e+02 6.188919038958584813e-03 0.000000000000000000e+00
5.327746257680506687e+02 6.303528650788636604e-03 0.000000000000000000e+00
5.424614371454428010e+02 6.418138262618688396e-03 0.000000000000000000e+00
5.521482485228350470e+02 6.532747874448740187e-03 0.000000000000000000e+00
5.618350599002272929e+02 6.647357486278791111e-03 0.000000000000000000e+00
5.715218712776195389e+02 6.761967098108842902e-03 0.000000000000000000e+00
5.812086826550116712e+02 6.876576709938895561e-03 0.000000000000000000e+00
5.908954940324039171e+02 6.991186321768946485e-03 0.000000000000000000e+00
6.005823054097961631e+02 7.105795933598997409e-03 0.000000000000000000e+00
6.102691167871882953e+02 7.220405545429049200e-03 0.000000000000000000e+00
6.199559281645805413e+02 7.335015157259100124e-03 0.000000000000000000e+00
6.296427395419727873e+02 7.449624769089151916e-03 0.000000000000000000e+00
6.393295509193649195e+02 7.564234380919202839e-03 0.000000000000000000e+00
6.490163622967571655e+02 7.678843992749252896e-03 0.000000000000000000e+00
6.587031736741494115e+02 7.793453604579305555e-03 0.000000000000000000e+00
6.683899850515415437e+02 7.908063216409357346e-03 0.000000000000000000e+00
6.780767964289337897e+02 8.022672828239405668e-03 0.000000000000000000e+00
6.877636078063260356e+02 8.137282440069459194e-03 0.000000000000000000e+00
6.974504191837182816e+02 8.251892051899510985e-03 0.000000000000000000e+00
7.071372305611104139e+02 8.366501663729561042e-03 0.000000000000000000e+00
7.168240419385026598e+02 8.481111275559614568e-03 0.000000000000000000e+00
7.265108533158949058e+02 8.595720887389664625e-03 0.000000000000000000e+00
7.361976646932870381e+02 8.710330499219714681e-03 0.000000000000000000e+00
7.458844760706792840e+02 8.824940111049766472e-03 0.000000000000000000e+00
7.555712874480715300e+02 8.939549722879818264e-03 0.000000000000000000e+00
7.652580988254636623e+02 9.054159334709868320e-03 0.000000000000000000e+00
7.749449102028559082e+02 9.168768946539920112e-03 0.000000000000000000e+00
7.846317215802481542e+02 9.283378558369971903e-03 0.000000000000000000e+00
7.943185329576402864e+02 9.397988170200021960e-03 0.000000000000000000e+00
8.040053443350325324e+02 9.512597782030073751e-03 0.000000000000000000e+00
8.136921557124247784e+02 9.627207393860127277e-03 0.000000000000000000e+00
8.233789670898169106e+02 9.741817005690177333e-03 0.000000000000000000e+00
8.330657784672091566e+02 9.856426617520227390e-03 0.000000000000000000e+00
8.427525898446014025e+02 9.971036229350280916e-03 0.000000000000000000e+00
8.524394012219935348e+02 1.008564584118033097e-02 0.000000000000000000e+00
8.621262125993857808e+02 1.020025545301038103e-02 0.000000000000000000e+00
8.718130239767780267e+02 1.031486506484043456e-02 0.000000000000000000e+00
8.814998353541702727e+02 1.042947467667048635e-02 0.000000000000000000e+00
8.911866467315624050e+02 1.054408428850053467e-02 0.000000000000000000e+00
9.008734581089546509e+02 1.065869390033058819e-02 0.000000000000000000e+00
9.105602694863468969e+02 1.077330351216063999e-02 0.000000000000000000e+00
9.202470808637390292e+02 1.088791312399069004e-02 0.000000000000000000e+00
9.299338922411312751e+02 1.100252273582074357e-02 0.000000000000000000e+00
9.396207036185235211e+02 1.111713234765079363e-02 0.000000000000000000e+00
9.493075149959156533e+02 1.123174195948084368e-02 0.000000000000000000e+00
9.589943263733078993e+02 1.134635157131089721e-02 0.000000000000000000e+00
9.686811377507001453e+02 1.146096118314094900e-02 0.000000000000000000e+00
9.783679491280922775e+02 1.157557079497099732e-02 0.000000000000000000e+00
9.880547605054845235e+02 1.169018040680104738e-02 0.000000000000000000e+00
9.977415718828767695e+02 1.180479001863110264e-02 0.000000000000000000e+00
1.007428383260269015e+03 1.191939963046115096e-02 0.000000000000000000e+00
1.017115194637661148e+03 1.203400924229120622e-02 0.000000000000000000e+00
1.026802006015053166e+03 1.214861885412125281e-02 0.000000000000000000e+00
1.036488817392445526e+03 1.226322846595130460e-02 0.000000000000000000e+00
1.046175628769837658e+03 1.237783807778135813e-02 0.000000000000000000e+00
1.055862440147229790e+03 1.249244768961140818e-02 0.000000000000000000e+00
1.065549251524622150e+03 1.260705730144145997e-02 0.000000000000000000e+00
1.075236062902014282e+03 1.272166691327151350e-02 0.000000000000000000e+00
1.084922874279406415e+03 1.283627652510156009e-02 0.000000000000000000e+00
1.094609685656798774e+03 1.295088613693161535e-02 0.000000000000000000e+00
1.104296497034190907e+03 1.306549574876166367e-02 0.000000000000000000e+00
1.113983308411583266e+03 1.318010536059171893e-02 0.000000000000000000e+00
1.123670119788975398e+03 1.329471497242176552e-02 0.000000000000000000e+00
1.133356931166367531e+03 1.340932458425182078e-02 0.000000000000000000e+00
1.143043742543759890e+03 1.352393419608186736e-02 0.000000000000000000e+00
1.152730553921152023e+03 1.363854380791192089e-02 0.000000000000000000e+00
1.162417365298544155e+03 1.375315341974197268e-02 0.000000000000000000e+00
1.172104176675936515e+03 1.386776303157202621e-02 0.000000000000000000e+00
1.181790988053328647e+03 1.398237264340207280e-02 0.000000000000000000e+00
1.191477799430720779e+03 1.409698225523212806e-02 0.000000000000000000e+00
1.201164610808113139e+03 1.421159186706217811e-02 0.000000000000000000e+00
1.210851422185505271e+03 1.432620147889222817e-02 0.000000000000000000e+00
1.220538233562897403e+03 1.444081109072228170e-02 0.000000000000000000e+00
1.230225044940289763e+03 1.455542070255233349e-02 0.000000000000000000e+00
1.239911856317681895e+03 1.467003031438238354e-02 0.000000000000000000e+00
1.249598667695074028e+03 1.478463992621243360e-02 0.000000000000000000e+00
1.259285479072466387e+03 1.489924953804248539e-02 0.000000000000000000e+00
1.268972290449858519e+03 1.501385914987253545e-02 0.000000000000000000e+00
1.278659101827250652e+03 1.512846876170258897e-02 0.000000000000000000e+00
1.288345913204643011e+03 1.524307837353263903e-02 0.000000000000000000e+00
1.298032724582035144e+03 1.535768798536269082e-02 0.000000000000000000e+00
1.307719535959427276e+03 1.547229759719274088e-02 0.000000000000000000e+00
1.317406347336819636e+03 1.558690720902279614e-02 0.000000000000000000e+00
1.327093158714211768e+03 1.570151682085284620e-02 0.000000000000000000e+00
1.336779970091603900e+03 1.581612643268289625e-02 0.000000000000000000e+00
1.346466781468996260e+03 1.593073604451294978e-02 0.000000000000000000e+00
1.356153592846388392e+03 1.604534565634299637e-02 0.000000000000000000e+00
1.365840404223780524e+03 1.615995526817304989e-02 0.000000000000000000e+00
1.375527215601172884e+03 1.627456488000309995e-02 0.000000000000000000e+00
1.385214026978565016e+03 1.638917449183315000e-02 0.000000000000000000e+00
1.394900838355957376e+03 1.650378410366320700e-02 0.000000000000000000e+00
1.404587649733349508e+03 1.661839371549325706e-02 0.000000000000000000e+00
1.414274461110741640e+03 1.673300332732330711e-02 0.000000000000000000e+00
1.423961272488134000e+03 1.684761293915336064e-02 0.000000000000000000e+00
1.433648083865526132e+03 1.696222255098341070e-02 0.000000000000000000e+00
1.443334895242918265e+03 1.707683216281346075e-02 0.000000000000000000e+00
1.453021706620310624e+03 1.719144177464351775e-02 0.000000000000000000e+00
1.462708517997702756e+03 1.730605138647356434e-02 0.000000000000000000e+00
1.472395329375094889e+03 1.742066099830361439e-02 0.000000000000000000e+00
1.482082140752487248e+03 1.753527061013366792e-02 0.000000000000000000e+00
1.491768952129879381e+03 1.764988022196371797e-02 0.000000000000000000e+00
1.501455763507271513e+03 1.776448983379376803e-02 0.000000000000000000e+00
1.511142574884663873e+03 1.787909944562382156e-02 0.000000000000000000e+00
1.520829386262056005e+03 1.799370905745387161e-02 0.000000000000000000e+00
1.530516197639448137e+03 1.810831866928392514e-02 0.000000000000000000e+00
1.540203009016840497e+03 1.822292828111397520e-02 0.000000000000000000e+00
1.549889820394232629e+03 1.833753789294402525e-02 0.000000000000000000e+00
1.559576631771624761e+03 1.845214750477407531e-02 0.000000000000000000e+00
1.569263443149017121e+03 1.856675711660412884e-02 0.000000000000000000e+00
1.578950254526409253e+03 1.868136672843417889e-02 0.000000000000000000e+00
1.588637065903801386e+03 1.879597634026422548e-02 0.000000000000000000e+00
1.598323877281193745e+03 1.891058595209428247e-02 0.000000000000000000e+00
1.608010688658585877e+03 1.902519556392433253e-02 0.000000000000000000e+00
1.617697500035978010e+03 1.913980517575438259e-02 0.000000000000000000e+00
1.627384311413370369e+03 1.925441478758443611e-02 0.000000000000000000e+00
1.637071122790762502e+03 1.936902439941448617e-02 0.000000000000000000e+00
1.646757934168154634e+03 1.948363401124453970e-02 0.000000000000000000e+00
1.656444745545546994e+03 1.959824362307458975e-02 0.000000000000000000e+00
1.666131556922939126e+03 1.971285323490463981e-02 0.000000000000000000e+00
1.675818368300331258e+03 1.982746284673468987e-02 0.000000000000000000e+00
1.685505179677723618e+03 1.994207245856474339e-02 0.000000000000000000e+00
1.695191991055115750e+03 2.005668207039479345e-02 0.000000000000000000e+00
1.704878802432507882e+03 2.017129168222484351e-02 0.000000000000000000e+00
1.714565613809900242e+03 2.028590129405490050e-02 0.000000000000000000e+00
1.724252425187292374e+03 2.040051090588495056e-02 0.000000000000000000e+00
1.733939236564684734e+03 2.051512051771500408e-02 0.000000000000000000e+00
1.743626047942076866e+03 2.062973012954504720e-02 0.000000000000000000e+00
1.753312859319468998e+03 2.074433974137509726e-02 0.000000000000000000e+00
1.762999670696861358e+03 2.085894935320515425e-02 0.000000000000000000e+00
1.772686482074253490e+03 2.097355896503520778e-02 0.000000000000000000e+00
1.782373293451645623e+03 2.108816857686525784e-02 0.000000000000000000e+00
1.792060104829037982e+03 2.120277818869530789e-02 0.000000000000000000e+00
1.801746916206430114e+03 2.131738780052535795e-02 0.000000000000000000e+00
1.811433727583822247e+03 2.143199741235541494e-02 0.000000000000000000e+00
1.821120538961214606e+03 2.154660702418546847e-02 0.000000000000000000e+00
1.830807350338606739e+03 2.166121663601551853e-02 0.000000000000000000e+00
1.840494161715998871e+03 2.177582624784556165e-02 0.000000000000000000e+00
1.850180973093391231e+03 2.189043585967561864e-02 0.000000000000000000e+00
1.859867784470783363e+03 2.200504547150566870e-02 0.000000000000000000e+00
1.869554595848175495e+03 2.211965508333571528e-02 0.000000000000000000e+00
1.879241407225567855e+03 2.223426469516577228e-02 0.000000000000000000e+00
1.888928218602959987e+03 2.234887430699582581e-02 0.000000000000000000e+00
1.898615029980352119e+03 2.246348391882587586e-02 0.000000000000000000e+00
1.908301841357744479e+03 2.257809353065592592e-02 0.000000000000000000e+00
1.917988652735136611e+03 2.269270314248597598e-02 0.000000000000000000e+00
1.927675464112528743e+03 2.280731275431602256e-02 0.000000000000000000e+00
1.937362275489921103e+03 2.292192236614608303e-02 0.000000000000000000e+00
1.947049086867313235e+03 2.303653197797613308e-02 0.000000000000000000e+00
1.956735898244705368e+03 2.315114158980618314e-02 0.000000000000000000e+00
1.966422709622097727e+03 2.326575120163622973e-02 0.000000000000000000e+00
1.976109520999489860e+03 2.338036081346627978e-02 0.000000000000000000e+00
1.985796332376881992e+03 2.349497042529633331e-02 0.000000000000000000e+00
1.995483143754274352e+03 2.360958003712638684e-02 0.000000000000000000e+00
2.005169955131666484e+03 2.372418964895644036e-02 0.000000000000000000e+00
2.014856766509058843e+03 2.383879926078649042e-02 0.000000000000000000e+00
2.024543577886450976e+03 2.395340887261654048e-02 0.000000000000000000e+00
2.034230389263843108e+03 2.406801848444658706e-02 0.000000000000000000e+00
2.043917200641235468e+03 2.418262809627664406e-02 0.000000000000000000e+00
2.053604012018627600e+03 2.429723770810669412e-02 0.000000000000000000e+00
2.063290823396020187e+03 2.441184731993675111e-02 0.000000000000000000e+00
2.072977634773412319e+03 2.452645693176680117e-02 0.000000000000000000e+00
2.082664446150804451e+03 2.464106654359685122e-02 0.000000000000000000e+00
2.092351257528196584e+03 2.475567615542689781e-02 0.000000000000000000e+00
2.102038068905588716e+03 2.487028576725694787e-02 0.000000000000000000e+00
2.111724880282980848e+03 2.498489537908700139e-02 0.000000000000000000e+00
2.121411691660373435e+03 2.509950499091705839e-02 0.000000000000000000e+00
2.131098503037765568e+03 2.521411460274710845e-02 0.000000000000000000e+00
2.140785314415157700e+03 2.532872421457715850e-02 0.000000000000000000e+00
2.150472125792549832e+03 2.544333382640721203e-02 0.000000000000000000e+00
2.160158937169941964e+03 2.555794343823725515e-02 0.000000000000000000e+00
2.169845748547334097e+03 2.567255305006730520e-02 0.000000000000000000e+00
2.179532559924726684e+03 2.578716266189736914e-02 0.000000000000000000e+00
2.189219371302118816e+03 2.590177227372742266e-02 0.000000000000000000e+00
2.198906182679510948e+03 2.601638188555746578e-02 0.000000000000000000e+00
2.208592994056903080e+03 2.613099149738751584e-02 0.000000000000000000e+00
2.218279805434295213e+03 2.624560110921756589e-02 0.000000000000000000e+00
2.227966616811687800e+03 2.636021072104762289e-02 0.000000000000000000e+00
2.237653428189079932e+03 2.647482033287767988e-02 0.000000000000000000e+00
2.247340239566472064e+03 2.658942994470772300e-02 0.000000000000000000e+00
2.257027050943864197e+03 2.670403955653777653e-02 0.000000000000000000e+00
2.266713862321256329e+03 2.681864916836782659e-02 0.000000000000000000e+00
2.276400673698648461e+03 2.693325878019786970e-02 0.000000000000000000e+00
2.286087485076041048e+03 2.704786839202792670e-02 0.000000000000000000e+00
2.295774296453433180e+03 2.716247800385798369e-02 0.000000000000000000e+00
2.305461107830825313e+03 2.727708761568803375e-02 0.000000000000000000e+00
2.315147919208217445e+03 2.739169722751808034e-02 0.000000000000000000e+00
2.324834730585609577e+03 2.750630683934813386e-02 0.000000000000000000e+00
2.334521541963001710e+03 2.762091645117818392e-02 0.000000000000000000e+00
2.344208353340394297e+03 2.773552606300823745e-02 0.000000000000000000e+00
2.353895164717786429e+03 2.785013567483828403e-02 0.000000000000000000e+00
2.363581976095178561e+03 2.796474528666834450e-02 0.000000000000000000e+00
2.373268787472570693e+03 2.807935489849839455e-02 0.000000000000000000e+00
2.382955598849962826e+03 2.819396451032843767e-02 0.000000000000000000e+00
2.392642410227354958e+03 2.830857412215849120e-02 0.000000000000000000e+00
2.402329221604747545e+03 2.842318373398854819e-02 0.000000000000000000e+00
2.412016032982139677e+03 2.853779334581860519e-02 0.000000000000000000e+00
2.421702844359531809e+03 2.865240295764864831e-02 0.000000000000000000e+00
2.431389655736923942e+03 2.876701256947870183e-02 0.000000000000000000e+00
2.441076467114316074e+03 2.888162218130874842e-02 0.000000000000000000e+00
2.450763278491708206e+03 2.899623179313879848e-02 0.000000000000000000e+00
2.460450089869100793e+03 2.911084140496884853e-02 0.000000000000000000e+00
2.470136901246492926e+03 2.922545101679890553e-02 0.000000000000000000e+00
2.479823712623885058e+03 2.934006062862895906e-02 0.000000000000000000e+00
2.489510524001277190e+03 2.945467024045899870e-02 0.000000000000000000e+00
2.499197335378669322e+03 2.956927985228905223e-02 0.000000000000000000e+00
2.508884146756061909e+03 2.968388946411910922e-02 0.000000000000000000e+00
2.518570958133454042e+03 2.979849907594916275e-02 0.000000000000000000e+00
2.528257769510846174e+03 2.991310868777920934e-02 0.000000000000000000e+00
2.537944580888238306e+03 3.002771829960926286e-02 0.000000000000000000e+00
2.547631392265630438e+03 3.014232791143931639e-02 0.000000000000000000e+00
2.557318203643022571e+03 3.025693752326936298e-02 0.000000000000000000e+00
2.567005015020415158e+03 3.037154713509941997e-02 0.000000000000000000e+00
2.576691826397807290e+03 3.048615674692946656e-02 0.000000000000000000e+00
2.586378637775199422e+03 3.060076635875952009e-02 0.000000000000000000e+00
2.596065449152591555e+03 3.071537597058956667e-02 0.000000000000000000e+00
2.605752260529983687e+03 3.082998558241962020e-02 0.000000000000000000e+00
2.615439071907375819e+03 3.094459519424967373e-02 0.000000000000000000e+00
2.625125883284768406e+03 3.105920480607972378e-02 0.000000000000000000e+00
2.634812694662160538e+03 3.117381441790977384e-02 0.000000000000000000e+00
2.644499506039552671e+03 3.128842402973983083e-02 0.000000000000000000e+00
2.654186317416944803e+03 3.140303364156988436e-02 0.000000000000000000e+00
2.663873128794336935e+03 3.151764325339993095e-02 0.000000000000000000e+00
2.673559940171729068e+03 3.163225286522998447e-02 0.000000000000000000e+00
2.683246751549121655e+03 3.174686247706003106e-02 0.000000000000000000e+00
2.692933562926513787e+03 3.186147208889008459e-02 0.000000000000000000e+00
2.702620374303905919e+03 3.197608170072013811e-02 0.000000000000000000e+00
2.712307185681298051e+03 3.209069131255018470e-02 0.000000000000000000e+00
2.721993997058690184e+03 3.220530092438023823e-02 0.000000000000000000e+00
2.731680808436082316e+03 3.231991053621028481e-02 0.000000000000000000e+00
2.741367619813474903e+03 3.243452014804034528e-02 0.000000000000000000e+00
2.751054431190867035e+03 3.254912975987039186e-02 0.000000000000000000e+00
2.760741242568259167e+03 3.266373937170044539e-02 0.000000000000000000e+00
2.770428053945651300e+03 3.277834898353049198e-02 0.000000000000000000e+00
2.780114865323043432e+03 3.289295859536054550e-02 0.000000000000000000e+00
2.789801676700436019e+03 3.300756820719060597e-02 0.000000000000000000e+00
2.799488488077828151e+03 3.312217781902065256e-02 0.000000000000000000e+00
2.809175299455220284e+03 3.323678743085069914e-02 0.000000000000000000e+00
2.818862110832612416e+03 3.335139704268075267e-02 0.000000000000000000e+00
2.828548922210004548e+03 3.346600665451080620e-02 0.000000000000000000e+00
2.838235733587396680e+03 3.358061626634085278e-02 0.000000000000000000e+00
2.847922544964789267e+03 3.369522587817090631e-02 0.000000000000000000e+00
2.857609356342181400e+03 3.380983549000095290e-02 0.000000000000000000e+00
2.867296167719573532e+03 3.392444510183100642e-02 0.000000000000000000e+00
2.876982979096965664e+03 3.403905471366106689e-02 0.000000000000000000e+00
2.886669790474357796e+03 3.415366432549111347e-02 0.000000000000000000e+00
2.896356601851749929e+03 3.426827393732116700e-02 0.000000000000000000e+00
2.906043413229142516e+03 3.438288354915121359e-02 0.000000000000000000e+00
2.915730224606534648e+03 3.449749316098126711e-02 0.000000000000000000e+00
2.925417035983926780e+03 3.461210277281131370e-02 0.000000000000000000e+00
2.935103847361318913e+03 3.472671238464137417e-02 0.000000000000000000e+00
2.944790658738711045e+03 3.484132199647142075e-02 0.000000000000000000e+00
2.954477470116103177e+03 3.495593160830146734e-02 0.000000000000000000e+00
2.964164281493495764e+03 3.507054122013152087e-02 0.000000000000000000e+00
2.973851092870887896e+03 3.518515083196157439e-02 0.000000000000000000e+00
2.983537904248280029e+03 3.529976044379162792e-02 0.000000000000000000e+00
2.993224715625672161e+03 3.541437005562166757e-02 0.000000000000000000e+00
3.002911527003064293e+03 3.552897966745172803e-02 0.000000000000000000e+00
3.012598338380456426e+03 3.564358927928177462e-02 0.000000000000000000e+00
3.022285149757849013e+03 3.575819889111183508e-02 0.000000000000000000e+00
3.031971961135241145e+03 3.587280850294188167e-02 0.000000000000000000e+00
3.041658772512633277e+03 3.598741811477192826e-02 0.000000000000000000e+00
3.051345583890025409e+03 3.610202772660198178e-02 0.000000000000000000e+00
3.061032395267417542e+03 3.621663733843204225e-02 0.000000000000000000e+00
3.070719206644809674e+03 3.633124695026208884e-02 0.000000000000000000e+00
3.080406018022202261e+03 3.644585656209213542e-02 0.000000000000000000e+00
3.090092829399594393e+03 3.656046617392218895e-02 0.000000000000000000e+00
3.099779640776986525e+03 3.667507578575223554e-02 0.000000000000000000e+00
3.109466452154378658e+03 3.678968539758228906e-02 0.000000000000000000e+00
3.119153263531770790e+03 3.690429500941234953e-02 0.000000000000000000e+00
3.128840074909163377e+03 3.701890462124239611e-02 0.000000000000000000e+00
3.138526886286555509e+03 3.713351423307244964e-02 0.000000000000000000e+00
3.148213697663947642e+03 3.724812384490249623e-02 0.000000000000000000e+00
3.157900509041339774e+03 3.736273345673254975e-02 0.000000000000000000e+00
3.167587320418731906e+03 3.747734306856260328e-02 0.000000000000000000e+00
3.177274131796124038e+03 3.759195268039264987e-02 0.000000000000000000e+00
3.186960943173516625e+03 3.770656229222270339e-02 0.000000000000000000e+00
3.196647754550908758e+03 3.782117190405275692e-02 0.000000000000000000e+00
3.206334565928300890e+03 3.793578151588280351e-02 0.000000000000000000e+00
3.216021377305693022e+03 3.805039112771285009e-02 0.000000000000000000e+00
3.225708188683085154e+03 3.816500073954290362e-02 0.000000000000000000e+00
3.235395000060477287e+03 3.827961035137295714e-02 0.000000000000000000e+00
3.245081811437869874e+03 3.839421996320301067e-02 0.000000000000000000e+00
3.254768622815262006e+03 3.850882957503306420e-02 0.000000000000000000e+00
3.264455434192654138e+03 3.862343918686311772e-02 0.000000000000000000e+00
3.274142245570046271e+03 3.873804879869316431e-02 0.000000000000000000e+00
3.283829056947438403e+03 3.885265841052321090e-02 0.000000000000000000e+00
3.293515868324830535e+03 3.896726802235326442e-02 0.000000000000000000e+00
3.303202679702223122e+03 3.908187763418332489e-02 0.000000000000000000e+00
3.312889491079615254e+03 3.919648724601337147e-02 0.000000000000000000e+00
3.322576302457007387e+03 3.931109685784342500e-02 0.000000000000000000e+00
3.332263113834399519e+03 3.942570646967348547e-02 0.000000000000000000e+00
3.341949925211791651e+03 3.954031608150351818e-02 0.000000000000000000e+00
3.351636736589183784e+03 3.965492569333357170e-02 0.000000000000000000e+00
3.361323547966576371e+03 3.976953530516361829e-02 0.000000000000000000e+00
3.371010359343968503e+03 3.988414491699367875e-02 0.000000000000000000e+00
3.380697170721360635e+03 3.999875452882373228e-02 0.000000000000000000e+00
3.390383982098752767e+03 4.011336414065377887e-02 0.000000000000000000e+00
3.400070793476144900e+03 4.022797375248383933e-02 0.000000000000000000e+00
3.409757604853537032e+03 4.034258336431387898e-02 0.000000000000000000e+00
3.419444416230929619e+03 4.045719297614393944e-02 0.000000000000000000e+00
3.429131227608321751e+03 4.057180258797397215e-02 0.000000000000000000e+00
3.438818038985713883e+03 4.068641219980403262e-02 0.000000000000000000e+00
3.448504850363106016e+03 4.080102181163408614e-02 0.000000000000000000e+00
3.458191661740498148e+03 4.091563142346413273e-02 0.000000000000000000e+00
3.467878473117890735e+03 4.103024103529418626e-02 0.000000000000000000e+00
3.477565284495282867e+03 4.114485064712423285e-02 0.000000000000000000e+00
3.487252095872675000e+03 4.125946025895429331e-02 0.000000000000000000e+00
3.496938907250067132e+03 4.137406987078434684e-02 0.000000000000000000e+00
3.506625718627459264e+03 4.148867948261439342e-02 0.000000000000000000e+00
3.516312530004851396e+03 4.160328909444444001e-02 0.000000000000000000e+00
3.525999341382243983e+03 4.171789870627450048e-02 0.000000000000000000e+00
3.535686152759636116e+03 4.183250831810455400e-02 0.000000000000000000e+00
3.545372964137028248e+03 4.194711792993460059e-02 0.000000000000000000e+00
3.555059775514420380e+03 4.206172754176464718e-02 0.000000000000000000e+00
3.564746586891812512e+03 4.217633715359470764e-02 0.000000000000000000e+00
3.574433398269204645e+03 4.229094676542474729e-02 0.000000000000000000e+00
3.584120209646597232e+03 4.240555637725481469e-02 0.000000000000000000e+00
3.593807021023989364e+03 4.252016598908485434e-02 0.000000000000000000e+00
3.603493832401381496e+03 4.263477560091490093e-02 0.000000000000000000e+00
3.613180643778773629e+03 4.274938521274496139e-02 0.000000000000000000e+00
3.622867455156165761e+03 4.286399482457500798e-02 0.000000000000000000e+00
3.632554266533557893e+03 4.297860443640506151e-02 0.000000000000000000e+00
3.642241077910950480e+03 4.309321404823510809e-02 0.000000000000000000e+00
3.651927889288342612e+03 4.320782366006516856e-02 0.000000000000000000e+00
3.661614700665734745e+03 4.332243327189521515e-02 0.000000000000000000e+00
3.671301512043126877e+03 4.343704288372526867e-02 0.000000000000000000e+00
3.680988323420519009e+03 4.355165249555532220e-02 0.000000000000000000e+00
3.690675134797911142e+03 4.366626210738536878e-02 0.000000000000000000e+00
3.700361946175303729e+03 4.378087171921542925e-02 0.000000000000000000e+00
3.710048757552695861e+03 4.389548133104546890e-02 0.000000000000000000e+00
3.719735568930087993e+03 4.401009094287552936e-02 0.000000000000000000e+00
3.729422380307480125e+03 4.412470055470558983e-02 0.000000000000000000e+00
3.739109191684872258e+03 4.423931016653562254e-02 0.000000000000000000e+00
3.748796003062264845e+03 4.435391977836568300e-02 0.000000000000000000e+00
3.758482814439656977e+03 4.446852939019573653e-02 0.000000000000000000e+00
3.768169625817049109e+03 4.458313900202578312e-02 0.000000000000000000e+00
3.777856437194441241e+03 4.469774861385582970e-02 0.000000000000000000e+00
3.787543248571833374e+03 4.481235822568588323e-02 0.000000000000000000e+00
3.797230059949225506e+03 4.492696783751593675e-02 0.000000000000000000e+00
3.806916871326618093e+03 4.504157744934599028e-02 0.000000000000000000e+00
3.816603682704010225e+03 4.515618706117604381e-02 0.000000000000000000e+00
3.826290494081402358e+03 4.527079667300608345e-02 0.000000000000000000e+00
3.835977305458794490e+03 4.538540628483614392e-02 0.000000000000000000e+00
3.845664116836186622e+03 4.550001589666620438e-02 0.000000000000000000e+00
3.855350928213578754e+03 4.561462550849623709e-02 0.000000000000000000e+00
3.865037739590971341e+03 4.572923512032629756e-02 0.000000000000000000e+00
3.874724550968363474e+03 4.584384473215633721e-02 0.000000000000000000e+00
3.884411362345755606e+03 4.595845434398639767e-02 0.000000000000000000e+00
3.894098173723147738e+03 4.607306395581644426e-02 0.000000000000000000e+00
3.903784985100539870e+03 4.618767356764650472e-02 0.000000000000000000e+00
3.913471796477932003e+03 4.630228317947655825e-02 0.000000000000000000e+00
3.923158607855324590e+03 4.641689279130660484e-02 0.000000000000000000e+00
3.932845419232716722e+03 4.653150240313665836e-02 0.000000000000000000e+00
3.942532230610108854e+03 4.664611201496670495e-02 0.000000000000000000e+00
3.952219041987500987e+03 4.676072162679675154e-02 0.000000000000000000e+00
3.961905853364893119e+03 4.687533123862680506e-02 0.000000000000000000e+00
3.971592664742285251e+03 4.698994085045685165e-02 0.000000000000000000e+00
3.981279476119677838e+03 4.710455046228691212e-02 0.000000000000000000e+00
3.990966287497069970e+03 4.721916007411695176e-02 0.000000000000000000e+00
4.000653098874462103e+03 4.733376968594701223e-02 0.000000000000000000e+00
4.010339910251854235e+03 4.744837929777706576e-02 0.000000000000000000e+00
4.020026721629246367e+03 4.756298890960711234e-02 0.000000000000000000e+00
4.029713533006638954e+03 4.767759852143717281e-02 0.000000000000000000e+00
4.039400344384031087e+03 4.779220813326721939e-02 0.000000000000000000e+00
4.049087155761423219e+03 4.790681774509727292e-02 0.000000000000000000e+00
4.058773967138815351e+03 4.802142735692731951e-02 0.000000000000000000e+00
4.068460778516207483e+03 4.813603696875737303e-02 0.000000000000000000e+00
4.078147589893599616e+03 4.825064658058741962e-02 0.000000000000000000e+00
4.087834401270992203e+03 4.836525619241748009e-02 0.000000000000000000e+00
4.097521212648383880e+03 4.847986580424751973e-02 0.000000000000000000e+00
4.107208024025775558e+03 4.859447541607756632e-02 0.000000000000000000e+00
4.116894835403168145e+03 4.870908502790761985e-02 0.000000000000000000e+00
4.126581646780560732e+03 4.882369463973768031e-02 0.000000000000000000e+00
4.136268458157952409e+03 4.893830425156772690e-02 0.000000000000000000e+00
4.145955269535344996e+03 4.905291386339777349e-02 0.000000000000000000e+00
4.155642080912736674e+03 4.916752347522782007e-02 0.000000000000000000e+00
4.165328892290129261e+03 4.928213308705788054e-02 0.000000000000000000e+00
4.175015703667521848e+03 4.939674269888793406e-02 0.000000000000000000e+00
4.184702515044913525e+03 4.951135231071799453e-02 0.000000000000000000e+00
4.194389326422306112e+03 4.962596192254804112e-02 0.000000000000000000e+00
4.204076137799697790e+03 4.974057153437808076e-02 0.000000000000000000e+00
4.213762949177090377e+03 4.985518114620814817e-02 0.000000000000000000e+00
4.223449760554482054e+03 4.996979075803817394e-02 0.000000000000000000e+00
4.233136571931874641e+03 5.008440036986823440e-02 0.000000000000000000e+00
4.242823383309267228e+03 5.019900998169828793e-02 0.000000000000000000e+00
4.252510194686658906e+03 5.031361959352834839e-02 0.000000000000000000e+00
4.262197006064051493e+03 5.042822920535840886e-02 0.000000000000000000e+00
4.271883817441443171e+03 5.054283881718844157e-02 0.000000000000000000e+00
4.281570628818835758e+03 5.065744842901850203e-02 0.000000000000000000e+00
4.291257440196228345e+03 5.077205804084854862e-02 0.000000000000000000e+00
4.300944251573620022e+03 5.088666765267859521e-02 0.000000000000000000e+00
4.310631062951012609e+03 5.100127726450865567e-02 0.000000000000000000e+00
4.320317874328404287e+03 5.111588687633870226e-02 0.000000000000000000e+00
4.330004685705796874e+03 5.123049648816875579e-02 0.000000000000000000e+00
4.339691497083188551e+03 5.134510609999879543e-02 0.000000000000000000e+00
4.349378308460581138e+03 5.145971571182886284e-02 0.000000000000000000e+00
4.359065119837973725e+03 5.157432532365890943e-02 0.000000000000000000e+00
4.368751931215365403e+03 5.168893493548895601e-02 0.000000000000000000e+00
4.378438742592757990e+03 5.180354454731901648e-02 0.000000000000000000e+00
4.388125553970149667e+03 5.191815415914904919e-02 0.000000000000000000e+00
4.397812365347542254e+03 5.203276377097910965e-02 0.000000000000000000e+00
4.407499176724934841e+03 5.214737338280915624e-02 0.000000000000000000e+00
4.417185988102326519e+03 5.226198299463921670e-02 0.000000000000000000e+00
4.426872799479719106e+03 5.237659260646926329e-02 0.000000000000000000e+00
4.436559610857110783e+03 5.249120221829930988e-02 0.000000000000000000e+00
4.446246422234503370e+03 5.260581183012937728e-02 0.000000000000000000e+00
4.455933233611895957e+03 5.272042144195941693e-02 0.000000000000000000e+00
4.465620044989287635e+03 5.283503105378947046e-02 0.000000000000000000e+00
4.475306856366680222e+03 5.294964066561951704e-02 0.000000000000000000e+00
4.484993667744071900e+03 5.306425027744957751e-02 0.000000000000000000e+00
4.494680479121464487e+03 5.317885988927963797e-02 0.000000000000000000e+00
4.504367290498856164e+03 5.329346950110968456e-02 0.000000000000000000e+00
4.514054101876248751e+03 5.340807911293973115e-02 0.000000000000000000e+00
4.523740913253641338e+03 5.352268872476979161e-02 0.000000000000000000e+00
4.533427724631033016e+03 5.363729833659983820e-02 0.000000000000000000e+00
4.543114536008425603e+03 5.375190794842988479e-02 0.000000000000000000e+00
4.552801347385817280e+03 5.386651756025993137e-02 0.000000000000000000e+00
4.562488158763209867e+03 5.398112717208999878e-02 0.000000000000000000e+00
4.572174970140602454e+03 5.409573678392003149e-02 0.000000000000000000e+00
4.581861781517994132e+03 5.421034639575008501e-02 0.000000000000000000e+00
4.591548592895386719e+03 5.432495600758013854e-02 0.000000000000000000e+00
4.601235404272778396e+03 5.443956561941018513e-02 0.000000000000000000e+00
4.610922215650170983e+03 5.455417523124025947e-02 0.000000000000000000e+00
4.620609027027562661e+03 5.466878484307027830e-02 0.000000000000000000e+00
4.630295838404955248e+03 5.478339445490035264e-02 0.000000000000000000e+00
4.639982649782347835e+03 5.489800406673039923e-02 0.000000000000000000e+00
4.649669461159739512e+03 5.501261367856043194e-02 0.000000000000000000e+00
4.659356272537132099e+03 5.512722329039050628e-02 0.000000000000000000e+00
4.669043083914523777e+03 5.524183290222053899e-02 0.000000000000000000e+00
4.678729895291916364e+03 5.535644251405060640e-02 0.000000000000000000e+00
4.688416706669308951e+03 5.547105212588065298e-02 0.000000000000000000e+00
4.698103518046700628e+03 5.558566173771069957e-02 0.000000000000000000e+00
4.707790329424093215e+03 5.570027134954075310e-02 0.000000000000000000e+00
4.717477140801484893e+03 5.581488096137080662e-02 0.000000000000000000e+00
4.727163952178877480e+03 5.592949057320085321e-02 0.000000000000000000e+00
4.736850763556270067e+03 5.604410018503092061e-02 0.000000000000000000e+00
4.746537574933661745e+03 5.615870979686096026e-02 0.000000000000000000e+00
4.756224386311054332e+03 5.627331940869100685e-02 0.000000000000000000e+00
4.765911197688446009e+03 5.638792902052105344e-02 0.000000000000000000e+00
4.775598009065838596e+03 5.650253863235111390e-02 0.000000000000000000e+00
4.785284820443230274e+03 5.661714824418116049e-02 0.000000000000000000e+00
4.794971631820622861e+03 5.673175785601122789e-02 0.000000000000000000e+00
4.804658443198015448e+03 5.684636746784127448e-02 0.000000000000000000e+00
4.814345254575407125e+03 5.696097707967131413e-02 0.000000000000000000e+00
4.824032065952799712e+03 5.707558669150136071e-02 0.000000000000000000e+00
4.833718877330191390e+03 5.719019630333141424e-02 0.000000000000000000e+00
4.843405688707583977e+03 5.730480591516147471e-02 0.000000000000000000e+00
4.853092500084976564e+03 5.741941552699153517e-02 0.000000000000000000e+00
4.862779311462368241e+03 5.753402513882158176e-02 0.000000000000000000e+00
4.872466122839760828e+03 5.764863475065162834e-02 0.000000000000000000e+00
4.882152934217152506e+03 5.776324436248167493e-02 0.000000000000000000e+00
4.891839745594545093e+03 5.787785397431171458e-02 0.000000000000000000e+00
4.901526556971936770e+03 5.799246358614178198e-02 0.000000000000000000e+00
4.911213368349329357e+03 5.810707319797182857e-02 0.000000000000000000e+00
4.920900179726721944e+03 5.822168280980188904e-02 0.000000000000000000e+00
4.930586991104113622e+03 5.833629242163194256e-02 0.000000000000000000e+00
4.940273802481506209e+03 5.845090203346198221e-02 0.000000000000000000e+00
4.949960613858897887e+03 5.856551164529202880e-02 0.000000000000000000e+00
4.959647425236290474e+03 5.868012125712209620e-02 0.000000000000000000e+00
4.969334236613683061e+03 5.879473086895213585e-02 0.000000000000000000e+00
4.979021047991074738e+03 5.890934048078220325e-02 0.000000000000000000e+00
4.988707859368467325e+03 5.902395009261223596e-02 0.000000000000000000e+00
4.998394670745859003e+03 5.913855970444229643e-02 0.000000000000000000e+00
5.008081482123251590e+03 5.925316931627235689e-02 0.000000000000000000e+00
5.017768293500644177e+03 5.936777892810240348e-02 0.000000000000000000e+00
5.027455104878035854e+03 5.948238853993245007e-02 0.000000000000000000e+00
5.037141916255428441e+03 5.959699815176250359e-02 0.000000000000000000e+00
5.046828727632820119e+03 5.971160776359255018e-02 0.000000000000000000e+00
5.056515539010212706e+03 5.982621737542260371e-02 0.000000000000000000e+00
5.066202350387604383e+03 5.994082698725265029e-02 0.000000000000000000e+00
5.075889161764996970e+03 6.005543659908270382e-02 0.000000000000000000e+00
5.085575973142389557e+03 6.017004621091276428e-02 0.000000000000000000e+00
5.095262784519781235e+03 6.028465582274279699e-02 0.000000000000000000e+00
5.104949595897173822e+03 6.039926543457285746e-02 0.000000000000000000e+00
5.114636407274565499e+03 6.051387504640290405e-02 0.000000000000000000e+00
5.124323218651958086e+03 6.062848465823295063e-02 0.000000000000000000e+00
5.134010030029350673e+03 6.074309427006301804e-02 0.000000000000000000e+00
5.143696841406742351e+03 6.085770388189305768e-02 0.000000000000000000e+00
5.153383652784134938e+03 6.097231349372311815e-02 0.000000000000000000e+00
5.163070464161526615e+03 6.108692310555315086e-02 0.000000000000000000e+00
5.172757275538919203e+03 6.120153271738321826e-02 0.000000000000000000e+00
5.182444086916310880e+03 6.131614232921325791e-02 0.000000000000000000e+00
5.192130898293703467e+03 6.143075194104332531e-02 0.000000000000000000e+00
5.201817709671096054e+03 6.154536155287337190e-02 0.000000000000000000e+00
5.211504521048487732e+03 6.165997116470341849e-02 0.000000000000000000e+00
5.221191332425880319e+03 6.177458077653347895e-02 0.000000000000000000e+00
5.230878143803271996e+03 6.188919038836352554e-02 0.000000000000000000e+00
5.240564955180664583e+03 6.200380000019357213e-02 0.000000000000000000e+00
5.250251766558057170e+03 6.211840961202363953e-02 0.000000000000000000e+00
5.259938577935448848e+03 6.223301922385367918e-02 0.000000000000000000e+00
5.269625389312841435e+03 6.234762883568372577e-02 0.000000000000000000e+00
5.279312200690233112e+03 6.246223844751378623e-02 0.000000000000000000e+00
5.288999012067625699e+03 6.257684805934382588e-02 0.000000000000000000e+00
5.298685823445018286e+03 6.269145767117390022e-02 0.000000000000000000e+00
5.308372634822409964e+03 6.280606728300394681e-02 0.000000000000000000e+00
5.318059446199802551e+03 6.292067689483399340e-02 0.000000000000000000e+00
5.327746257577194228e+03 6.303528650666403998e-02 0.000000000000000000e+00
5.337433068954586815e+03 6.314989611849407269e-02 0.000000000000000000e+00
5.347119880331978493e+03 6.326450573032413316e-02 0.000000000000000000e+00
5.356806691709371080e+03 6.337911534215417975e-02 0.000000000000000000e+00
5.366493503086763667e+03 6.349372495398425409e-02 0.000000000000000000e+00
5.376180314464155344e+03 6.360833456581430068e-02 0.000000000000000000e+00
5.385867125841547931e+03 6.372294417764434726e-02 0.000000000000000000e+00
5.395553937218939609e+03 6.383755378947439385e-02 0.000000000000000000e+00
5.405240748596332196e+03 6.395216340130445432e-02 0.000000000000000000e+00
5.414927559973724783e+03 6.406677301313450090e-02 0.000000000000000000e+00
5.424614371351116461e+03 6.418138262496454749e-02 0.000000000000000000e+00
5.434301182728509048e+03 6.429599223679460795e-02 0.000000000000000000e+00
5.443987994105900725e+03 6.441060184862465454e-02 0.000000000000000000e+00
5.453674805483293312e+03 6.452521146045471501e-02 0.000000000000000000e+00
5.463361616860684990e+03 6.463982107228476159e-02 0.000000000000000000e+00
5.473048428238077577e+03 6.475443068411480818e-02 0.000000000000000000e+00
5.482735239615470164e+03 6.486904029594486865e-02 0.000000000000000000e+00
5.492422050992861841e+03 6.498364990777491523e-02 0.000000000000000000e+00
5.502108862370254428e+03 6.509825951960496182e-02 0.000000000000000000e+00
5.511795673747646106e+03 6.521286913143500841e-02 0.000000000000000000e+00
5.521482485125038693e+03 6.532747874326505499e-02 0.000000000000000000e+00
5.531169296502431280e+03 6.544208835509511546e-02 0.000000000000000000e+00
5.540856107879822957e+03 6.555669796692516205e-02 0.000000000000000000e+00
5.550542919257215544e+03 6.567130757875522251e-02 0.000000000000000000e+00
5.560229730634607222e+03 6.578591719058526910e-02 0.000000000000000000e+00
5.569916542011999809e+03 6.590052680241531569e-02 0.000000000000000000e+00
5.579603353389392396e+03 6.601513641424537615e-02 0.000000000000000000e+00
5.589290164766784073e+03 6.612974602607542274e-02 0.000000000000000000e+00
5.598976976144176660e+03 6.624435563790548320e-02 0.000000000000000000e+00
5.608663787521568338e+03 6.635896524973551591e-02 0.000000000000000000e+00
5.618350598898960925e+03 6.647357486156559025e-02 0.000000000000000000e+00
5.628037410276352603e+03 6.658818447339562296e-02 0.000000000000000000e+00
5.637724221653745190e+03 6.670279408522566955e-02 0.000000000000000000e+00
5.647411033031137777e+03 6.681740369705574389e-02 0.000000000000000000e+00
5.657097844408529454e+03 6.693201330888577660e-02 0.000000000000000000e+00
5.666784655785922041e+03 6.704662292071585095e-02 0.000000000000000000e+00
5.676471467163313719e+03 6.716123253254589753e-02 0.000000000000000000e+00
5.686158278540706306e+03 6.727584214437594412e-02 0.000000000000000000e+00
5.695845089918098893e+03 6.739045175620600459e-02 0.000000000000000000e+00
5.705531901295490570e+03 6.750506136803605117e-02 0.000000000000000000e+00
5.715218712672883157e+03 6.761967097986609776e-02 0.000000000000000000e+00
5.724905524050274835e+03 6.773428059169614435e-02 0.000000000000000000e+00
5.734592335427667422e+03 6.784889020352619093e-02 0.000000000000000000e+00
5.744279146805059099e+03 6.796349981535623752e-02 0.000000000000000000e+00
5.753965958182451686e+03 6.807810942718628411e-02 0.000000000000000000e+00
5.763652769559844273e+03 6.819271903901635845e-02 0.000000000000000000e+00
5.773339580937235951e+03 6.830732865084639116e-02 0.000000000000000000e+00
5.783026392314628538e+03 6.842193826267643775e-02 0.000000000000000000e+00
5.792713203692020215e+03 6.853654787450649821e-02 0.000000000000000000e+00
5.802400015069412802e+03 6.865115748633654480e-02 0.000000000000000000e+00
5.812086826446805389e+03 6.876576709816661914e-02 0.000000000000000000e+00
5.821773637824197067e+03 6.888037670999663797e-02 0.000000000000000000e+00
5.831460449201589654e+03 6.899498632182671232e-02 0.000000000000000000e+00
5.841147260578981331e+03 6.910959593365675890e-02 0.000000000000000000e+00
5.850834071956373919e+03 6.922420554548681937e-02 0.000000000000000000e+00
5.860520883333765596e+03 6.933881515731686596e-02 0.000000000000000000e+00
5.870207694711158183e+03 6.945342476914689867e-02 0.000000000000000000e+00
5.879894506088550770e+03 6.956803438097697301e-02 0.000000000000000000e+00
5.889581317465942448e+03 6.968264399280700572e-02 0.000000000000000000e+00
5.899268128843335035e+03 6.979725360463706618e-02 0.000000000000000000e+00
5.908954940220726712e+03 6.991186321646712665e-02 0.000000000000000000e+00
5.918641751598119299e+03 7.002647282829717323e-02 0.000000000000000000e+00
5.928328562975511886e+03 7.014108244012723370e-02 0.000000000000000000e+00
5.938015374352903564e+03 7.025569205195726641e-02 0.000000000000000000e+00
5.947702185730296151e+03 7.037030166378732687e-02 0.000000000000000000e+00
5.957388997107687828e+03 7.048491127561737346e-02 0.000000000000000000e+00
5.967075808485080415e+03 7.059952088744742005e-02 0.000000000000000000e+00
5.976762619862473002e+03 7.071413049927748051e-02 0.000000000000000000e+00
5.986449431239864680e+03 7.082874011110752710e-02 0.000000000000000000e+00
5.996136242617257267e+03 7.094334972293758756e-02 0.000000000000000000e+00
6.005823053994648944e+03 7.105795933476762027e-02 0.000000000000000000e+00
6.015509865372041531e+03 7.117256894659768074e-02 0.000000000000000000e+00
6.025196676749433209e+03 7.128717855842772733e-02 0.000000000000000000e+00
6.034883488126825796e+03 7.140178817025777391e-02 0.000000000000000000e+00
6.044570299504218383e+03 7.151639778208783438e-02 0.000000000000000000e+00
6.054257110881610060e+03 7.163100739391788097e-02 0.000000000000000000e+00
6.063943922259002647e+03 7.174561700574795531e-02 0.000000000000000000e+00
6.073630733636394325e+03 7.186022661757798802e-02 0.000000000000000000e+00
6.083317545013786912e+03 7.197483622940803460e-02 0.000000000000000000e+00
6.093004356391179499e+03 7.208944584123810895e-02 0.000000000000000000e+00
6.102691167768571177e+03 7.220405545306814166e-02 0.000000000000000000e+00
6.112377979145963764e+03 7.231866506489821600e-02 0.000000000000000000e+00
6.122064790523355441e+03 7.243327467672823483e-02 0.000000000000000000e+00
6.131751601900748028e+03 7.254788428855830917e-02 0.000000000000000000e+00
6.141438413278139706e+03 7.266249390038834188e-02 0.000000000000000000e+00
6.151125224655532293e+03 7.277710351221841623e-02 0.000000000000000000e+00
6.160812036032924880e+03 7.289171312404846281e-02 0.000000000000000000e+00
6.170498847410316557e+03 7.300632273587849552e-02 0.000000000000000000e+00
6.180185658787709144e+03 7.312093234770855599e-02 0.000000000000000000e+00
6.189872470165100822e+03 7.323554195953860257e-02 0.000000000000000000e+00
6.199559281542493409e+03 7.335015157136866304e-02 0.000000000000000000e+00
6.209246092919885996e+03 7.346476118319870963e-02 0.000000000000000000e+00
6.218932904297277673e+03 7.357937079502875621e-02 0.000000000000000000e+00
6.228619715674670260e+03 7.369398040685883056e-02 0.000000000000000000e+00
6.238306527052061938e+03 7.380859001868884939e-02 0.000000000000000000e+00
6.247993338429454525e+03 7.392319963051890985e-02 0.000000000000000000e+00
6.257680149806847112e+03 7.403780924234898420e-02 0.000000000000000000e+00
6.267366961184238789e+03 7.415241885417900303e-02 0.000000000000000000e+00
6.277053772561631376e+03 7.426702846600906349e-02 0.000000000000000000e+00
6.286740583939023054e+03 7.438163807783911008e-02 0.000000000000000000e+00
6.296427395316415641e+03 7.449624768966915667e-02 0.000000000000000000e+00
6.306114206693807319e+03 7.461085730149923101e-02 0.000000000000000000e+00
6.315801018071199906e+03 7.472546691332926372e-02 0.000000000000000000e+00
6.325487829448592493e+03 7.484007652515933806e-02 0.000000000000000000e+00
6.335174640825984170e+03 7.495468613698937077e-02 0.000000000000000000e+00
6.344861452203376757e+03 7.506929574881943124e-02 0.000000000000000000e+00
6.354548263580768435e+03 7.518390536064946394e-02 0.000000000000000000e+00
6.364235074958161022e+03 7.529851497247953829e-02 0.000000000000000000e+00
6.373921886335553609e+03 7.541312458430958487e-02 0.000000000000000000e+00
6.383608697712945286e+03 7.552773419613963146e-02 0.000000000000000000e+00
6.393295509090337873e+03 7.564234380796969193e-02 0.000000000000000000e+00
6.402982320467729551e+03 7.575695341979972464e-02 0.000000000000000000e+00
6.412669131845122138e+03 7.587156303162978510e-02 0.000000000000000000e+00
6.422355943222513815e+03 7.598617264345984557e-02 0.000000000000000000e+00
6.432042754599906402e+03 7.610078225528989215e-02 0.000000000000000000e+00
6.441729565977298989e+03 7.621539186711993874e-02 0.000000000000000000e+00
6.451416377354690667e+03 7.633000147894999921e-02 0.000000000000000000e+00
6.461103188732083254e+03 7.644461109078004579e-02 0.000000000000000000e+00
6.470790000109474931e+03 7.655922070261007850e-02 0.000000000000000000e+00
6.480476811486867518e+03 7.667383031444013897e-02 0.000000000000000000e+00
6.490163622864260105e+03 7.678843992627019943e-02 0.000000000000000000e+00
6.499850434241651783e+03 7.690304953810024602e-02 0.000000000000000000e+00
6.509537245619044370e+03 7.701765914993030648e-02 0.000000000000000000e+00
6.519224056996436047e+03 7.713226876176035307e-02 0.000000000000000000e+00
6.528910868373828635e+03 7.724687837359042741e-02 0.000000000000000000e+00
6.538597679751221222e+03 7.736148798542043237e-02 0.000000000000000000e+00
6.548284491128612899e+03 7.747609759725049283e-02 0.000000000000000000e+00
6.557971302506005486e+03 7.759070720908055330e-02 0.000000000000000000e+00
6.567658113883397164e+03 7.770531682091059988e-02 0.000000000000000000e+00
6.577344925260789751e+03 7.781992643274066035e-02 0.000000000000000000e+00
6.587031736638181428e+03 7.793453604457070694e-02 0.000000000000000000e+00
6.596718548015574015e+03 7.804914565640075352e-02 0.000000000000000000e+00
6.606405359392966602e+03 7.816375526823082787e-02 0.000000000000000000e+00
6.616092170770358280e+03 7.827836488006086058e-02 0.000000000000000000e+00
6.625778982147750867e+03 7.839297449189090716e-02 0.000000000000000000e+00
6.635465793525142544e+03 7.850758410372098151e-02 0.000000000000000000e+00
6.645152604902535131e+03 7.862219371555102809e-02 0.000000000000000000e+00
6.654839416279927718e+03 7.873680332738107468e-02 0.000000000000000000e+00
6.664526227657319396e+03 7.885141293921113514e-02 0.000000000000000000e+00
6.674213039034711983e+03 7.896602255104118173e-02 0.000000000000000000e+00
6.683899850412103660e+03 7.908063216287122832e-02 0.000000000000000000e+00
6.693586661789496247e+03 7.919524177470127491e-02 0.000000000000000000e+00
6.703273473166887925e+03 7.930985138653133537e-02 0.000000000000000000e+00
6.712960284544280512e+03 7.942446099836138196e-02 0.000000000000000000e+00
6.722647095921673099e+03 7.953907061019142855e-02 0.000000000000000000e+00
6.732333907299064776e+03 7.965368022202147513e-02 0.000000000000000000e+00
6.742020718676457363e+03 7.976828983385153560e-02 0.000000000000000000e+00
6.751707530053849041e+03 7.988289944568156831e-02 0.000000000000000000e+00
6.761394341431241628e+03 7.999750905751162877e-02 0.000000000000000000e+00
6.771081152808634215e+03 8.011211866934168924e-02 0.000000000000000000e+00
6.780767964186025893e+03 8.022672828117172195e-02 0.000000000000000000e+00
6.790454775563418480e+03 8.034133789300178241e-02 0.000000000000000000e+00
6.800141586940810157e+03 8.045594750483184288e-02 0.000000000000000000e+00
6.809828398318202744e+03 8.057055711666188946e-02 0.000000000000000000e+00
6.819515209695594422e+03 8.068516672849194993e-02 0.000000000000000000e+00
6.829202021072987009e+03 8.079977634032198264e-02 0.000000000000000000e+00
6.838888832450379596e+03 8.091438595215204310e-02 0.000000000000000000e+00
6.848575643827771273e+03 8.102899556398207581e-02 0.000000000000000000e+00
6.858262455205163860e+03 8.114360517581213628e-02 0.000000000000000000e+00
6.867949266582555538e+03 8.125821478764219674e-02 0.000000000000000000e+00
6.877636077959948125e+03 8.137282439947225721e-02 0.000000000000000000e+00
6.887322889337340712e+03 8.148743401130230379e-02 0.000000000000000000e+00
6.897009700714732389e+03 8.160204362313236426e-02 0.000000000000000000e+00
6.906696512092124976e+03 8.171665323496239697e-02 0.000000000000000000e+00
6.916383323469516654e+03 8.183126284679244355e-02 0.000000000000000000e+00
6.926070134846909241e+03 8.194587245862250402e-02 0.000000000000000000e+00
6.935756946224301828e+03 8.206048207045256448e-02 0.000000000000000000e+00
6.945443757601693505e+03 8.217509168228261107e-02 0.000000000000000000e+00
6.955130568979086092e+03 8.228970129411265766e-02 0.000000000000000000e+00
6.964817380356477770e+03 8.240431090594270425e-02 0.000000000000000000e+00
6.974504191733870357e+03 8.251892051777277859e-02 0.000000000000000000e+00
6.984191003111262035e+03 8.263353012960282518e-02 0.000000000000000000e+00
6.993877814488654622e+03 8.274813974143285789e-02 0.000000000000000000e+00
7.003564625866047209e+03 8.286274935326291835e-02 0.000000000000000000e+00
7.013251437243438886e+03 8.297735896509296494e-02 0.000000000000000000e+00
7.022938248620831473e+03 8.309196857692301152e-02 0.000000000000000000e+00
7.032625059998223151e+03 8.320657818875307199e-02 0.000000000000000000e+00
7.042311871375615738e+03 8.332118780058313245e-02 0.000000000000000000e+00
7.051998682753008325e+03 8.343579741241319292e-02 0.000000000000000000e+00
7.061685494130400002e+03 8.355040702424323951e-02 0.000000000000000000e+00
7.071372305507792589e+03 8.366501663607327222e-02 0.000000000000000000e+00
7.081059116885184267e+03 8.377962624790331880e-02 0.000000000000000000e+00
7.090745928262576854e+03 8.389423585973337927e-02 0.000000000000000000e+00
7.100432739639968531e+03 8.400884547156343973e-02 0.000000000000000000e+00
7.110119551017361118e+03 8.412345508339350020e-02 0.000000000000000000e+00
7.119806362394753705e+03 8.423806469522354679e-02 0.000000000000000000e+00
7.129493173772145383e+03 8.435267430705359337e-02 0.000000000000000000e+00
7.139179985149537970e+03 8.446728391888363996e-02 0.000000000000000000e+00
7.148866796526929647e+03 8.458189353071368655e-02 0.000000000000000000e+00
7.158553607904322234e+03 8.469650314254373313e-02 0.000000000000000000e+00
7.168240419281714821e+03 8.481111275437379360e-02 0.000000000000000000e+00
7.177927230659106499e+03 8.492572236620384019e-02 0.000000000000000000e+00
7.187614042036499086e+03 8.504033197803390065e-02 0.000000000000000000e+00
7.197300853413890763e+03 8.515494158986394724e-02 0.000000000000000000e+00
7.206987664791283350e+03 8.526955120169399382e-02 0.000000000000000000e+00
7.216674476168675938e+03 8.538416081352405429e-02 0.000000000000000000e+00
7.226361287546067615e+03 8.549877042535408700e-02 0.000000000000000000e+00
7.236048098923460202e+03 8.561338003718414746e-02 0.000000000000000000e+00
7.245734910300851880e+03 8.572798964901420793e-02 0.000000000000000000e+00
7.255421721678244467e+03 8.584259926084425452e-02 0.000000000000000000e+00
7.265108533055636144e+03 8.595720887267428723e-02 0.000000000000000000e+00
7.274795344433028731e+03 8.607181848450434769e-02 0.000000000000000000e+00
7.284482155810421318e+03 8.618642809633440816e-02 0.000000000000000000e+00
7.294168967187812996e+03 8.630103770816444086e-02 0.000000000000000000e+00
7.303855778565205583e+03 8.641564731999452909e-02 0.000000000000000000e+00
7.313542589942597260e+03 8.653025693182456179e-02 0.000000000000000000e+00
7.323229401319989847e+03 8.664486654365460838e-02 0.000000000000000000e+00
7.332916212697382434e+03 8.675947615548468272e-02 0.000000000000000000e+00
7.342603024074774112e+03 8.687408576731470156e-02 0.000000000000000000e+00
7.352289835452166699e+03 8.698869537914476202e-02 0.000000000000000000e+00
7.361976646829558376e+03 8.710330499097482249e-02 0.000000000000000000e+00
7.371663458206950963e+03 8.721791460280488295e-02 0.000000000000000000e+00
7.381350269584342641e+03 8.733252421463491566e-02 0.000000000000000000e+00
7.391037080961735228e+03 8.744713382646496225e-02 0.000000000000000000e+00
7.400723892339127815e+03 8.756174343829502271e-02 0.000000000000000000e+00
7.410410703716519492e+03 8.767635305012508318e-02 0.000000000000000000e+00
7.420097515093912079e+03 8.779096266195511589e-02 0.000000000000000000e+00
7.429784326471303757e+03 8.790557227378519023e-02 0.000000000000000000e+00
7.439471137848696344e+03 8.802018188561522294e-02 0.000000000000000000e+00
7.449157949226088931e+03 8.813479149744526953e-02 0.000000000000000000e+00
7.458844760603480609e+03 8.824940110927531611e-02 0.000000000000000000e+00
7.468531571980873196e+03 8.836401072110537658e-02 0.000000000000000000e+00
7.478218383358264873e+03 8.847862033293542317e-02 0.000000000000000000e+00
7.487905194735657460e+03 8.859322994476548363e-02 0.000000000000000000e+00
7.497592006113050047e+03 8.870783955659554409e-02 0.000000000000000000e+00
7.507278817490441725e+03 8.882244916842560456e-02 0.000000000000000000e+00
7.516965628867834312e+03 8.893705878025563727e-02 0.000000000000000000e+00
7.526652440245225989e+03 8.905166839208566998e-02 0.000000000000000000e+00
7.536339251622618576e+03 8.916627800391575820e-02 0.000000000000000000e+00
7.546026063000010254e+03 8.928088761574579091e-02 0.000000000000000000e+00
7.555712874377402841e+03 8.939549722757583750e-02 0.000000000000000000e+00
7.565399685754795428e+03 8.951010683940591184e-02 0.000000000000000000e+00
7.575086497132187105e+03 8.962471645123595843e-02 0.000000000000000000e+00
7.584773308509579692e+03 8.973932606306601889e-02 0.000000000000000000e+00
7.594460119886971370e+03 8.985393567489605160e-02 0.000000000000000000e+00
7.604146931264363957e+03 8.996854528672611206e-02 0.000000000000000000e+00
7.613833742641756544e+03 9.008315489855614477e-02 0.000000000000000000e+00
7.623520554019148221e+03 9.019776451038619136e-02 0.000000000000000000e+00
7.633207365396540808e+03 9.031237412221626570e-02 0.000000000000000000e+00
7.642894176773932486e+03 9.042698373404631229e-02 0.000000000000000000e+00
7.652580988151325073e+03 9.054159334587635888e-02 0.000000000000000000e+00
7.662267799528716751e+03 9.065620295770641934e-02 0.000000000000000000e+00
7.671954610906109338e+03 9.077081256953646593e-02 0.000000000000000000e+00
7.681641422283501925e+03 9.088542218136651252e-02 0.000000000000000000e+00
7.691328233660893602e+03 9.100003179319655910e-02 0.000000000000000000e+00
7.701015045038286189e+03 9.111464140502660569e-02 0.000000000000000000e+00
7.710701856415677867e+03 9.122925101685665228e-02 0.000000000000000000e+00
7.720388667793070454e+03 9.134386062868671274e-02 0.000000000000000000e+00
7.730075479170463041e+03 9.145847024051677321e-02 0.000000000000000000e+00
7.739762290547854718e+03 9.157307985234680592e-02 0.000000000000000000e+00
7.749449101925247305e+03 9.168768946417686638e-02 0.000000000000000000e+00
7.759135913302638983e+03 9.180229907600691297e-02 0.000000000000000000e+00
7.768822724680031570e+03 9.191690868783698731e-02 0.000000000000000000e+00
7.778509536057424157e+03 9.203151829966702002e-02 0.000000000000000000e+00
7.788196347434815834e+03 9.214612791149706661e-02 0.000000000000000000e+00
7.797883158812208421e+03 9.226073752332712707e-02 0.000000000000000000e+00
7.807569970189600099e+03 9.237534713515715978e-02 0.000000000000000000e+00
7.817256781566992686e+03 9.248995674698722025e-02 0.000000000000000000e+00
7.826943592944384363e+03 9.260456635881726684e-02 0.000000000000000000e+00
7.836630404321776950e+03 9.271917597064734118e-02 0.000000000000000000e+00
7.846317215699169537e+03 9.283378558247740164e-02 0.000000000000000000e+00
7.856004027076561215e+03 9.294839519430744823e-02 0.000000000000000000e+00
7.865690838453953802e+03 9.306300480613748094e-02 0.000000000000000000e+00
7.875377649831345479e+03 9.317761441796751365e-02 0.000000000000000000e+00
7.885064461208738066e+03 9.329222402979757411e-02 0.000000000000000000e+00
7.894751272586130654e+03 9.340683364162764846e-02 0.000000000000000000e+00
7.904438083963522331e+03 9.352144325345769504e-02 0.000000000000000000e+00
7.914124895340914918e+03 9.363605286528774163e-02 0.000000000000000000e+00
7.923811706718306596e+03 9.375066247711778822e-02 0.000000000000000000e+00
7.933498518095699183e+03 9.386527208894786256e-02 0.000000000000000000e+00
7.943185329473090860e+03 9.397988170077790915e-02 0.000000000000000000e+00
7.952872140850483447e+03 9.409449131260792798e-02 0.000000000000000000e+00
7.962558952227876034e+03 9.420910092443800232e-02 0.000000000000000000e+00
7.972245763605267712e+03 9.432371053626803503e-02 0.000000000000000000e+00
7.981932574982660299e+03 9.443832014809809550e-02 0.000000000000000000e+00
7.991619386360051976e+03 9.455292975992814208e-02 0.000000000000000000e+00
8.001306197737444563e+03 9.466753937175821643e-02 0.000000000000000000e+00
8.010993009114837150e+03 9.478214898358826301e-02 0.000000000000000000e+00
8.020679820492228828e+03 9.489675859541832348e-02 0.000000000000000000e+00
8.030366631869621415e+03 9.501136820724835619e-02 0.000000000000000000e+00
8.040053443247013092e+03 9.512597781907841665e-02 0.000000000000000000e+00
8.049740254624405679e+03 9.524058743090844936e-02 0.000000000000000000e+00
8.059427066001798266e+03 9.535519704273850983e-02 0.000000000000000000e+00
8.069113877379189944e+03 9.546980665456857029e-02 0.000000000000000000e+00
8.078800688756582531e+03 9.558441626639863076e-02 0.000000000000000000e+00
8.088487500133974208e+03 9.569902587822867734e-02 0.000000000000000000e+00
8.098174311511366795e+03 9.581363549005873781e-02 0.000000000000000000e+00
8.107861122888758473e+03 9.592824510188877052e-02 0.000000000000000000e+00
8.117547934266151060e+03 9.604285471371883098e-02 0.000000000000000000e+00
8.127234745643543647e+03 9.615746432554887757e-02 0.000000000000000000e+00
8.136921557020935325e+03 9.627207393737892416e-02 0.000000000000000000e+00
8.146608368398327912e+03 9.638668354920897074e-02 0.000000000000000000e+00
8.156295179775719589e+03 9.650129316103903121e-02 0.000000000000000000e+00
8.165981991153112176e+03 9.661590277286907780e-02 0.000000000000000000e+00
8.175668802530504763e+03 9.673051238469913826e-02 0.000000000000000000e+00
8.185355613907896441e+03 9.684512199652917097e-02 0.000000000000000000e+00
8.195042425285289937e+03 9.695973160835925919e-02 0.000000000000000000e+00
8.204729236662682524e+03 9.707434122018931966e-02 0.000000000000000000e+00
8.214416048040073292e+03 9.718895083201932461e-02 0.000000000000000000e+00
8.224102859417465879e+03 9.730356044384937120e-02 0.000000000000000000e+00
8.233789670794858466e+03 9.741817005567944554e-02 0.000000000000000000e+00
8.243476482172251053e+03 9.753277966750950601e-02 0.000000000000000000e+00
8.253163293549643640e+03 9.764738927933955259e-02 0.000000000000000000e+00
8.262850104927034408e+03 9.776199889116961306e-02 0.000000000000000000e+00
8.272536916304426995e+03 9.787660850299967352e-02 0.000000000000000000e+00
8.282223727681819582e+03 9.799121811482967848e-02 0.000000000000000000e+00
8.291910539059212169e+03 9.810582772665976670e-02 0.000000000000000000e+00
8.301597350436604756e+03 9.822043733848981328e-02 0.000000000000000000e+00
8.311284161813995524e+03 9.833504695031983212e-02 0.000000000000000000e+00
8.320970973191388111e+03 9.844965656214990646e-02 0.000000000000000000e+00
8.330657784568780698e+03 9.856426617397996692e-02 0.000000000000000000e+00
8.340344595946173285e+03 9.867887578580999963e-02 0.000000000000000000e+00
8.350031407323565873e+03 9.879348539764006010e-02 0.000000000000000000e+00
8.359718218700956641e+03 9.890809500947010668e-02 0.000000000000000000e+00
8.369405030078349228e+03 9.902270462130016715e-02 0.000000000000000000e+00
8.379091841455741815e+03 9.913731423313021374e-02 0.000000000000000000e+00
8.388778652833134402e+03 9.925192384496027420e-02 0.000000000000000000e+00
8.398465464210526989e+03 9.936653345679034854e-02 0.000000000000000000e+00
8.408152275587917757e+03 9.948114306862035350e-02 0.000000000000000000e+00
8.417839086965310344e+03 9.959575268045041396e-02 0.000000000000000000e+00
8.427525898342702931e+03 9.971036229228048831e-02 0.000000000000000000e+00
8.437212709720095518e+03 9.982497190411053489e-02 0.000000000000000000e+00
8.446899521097486286e+03 9.993958151594055372e-02 0.000000000000000000e+00
8.456586332474878873e+03 1.000541911277706281e-01 0.000000000000000000e+00
8.466273143852271460e+03 1.001688007396006747e-01 0.000000000000000000e+00
8.475959955229664047e+03 1.002834103514307490e-01 0.000000000000000000e+00
8.485646766607056634e+03 1.003980199632607678e-01 0.000000000000000000e+00
8.495333577984447402e+03 1.005126295750908422e-01 0.000000000000000000e+00
8.505020389361839989e+03 1.006272391869208888e-01 0.000000000000000000e+00
8.514707200739232576e+03 1.007418487987509353e-01 0.000000000000000000e+00
8.524394012116625163e+03 1.008564584105809819e-01 0.000000000000000000e+00
8.534080823494017750e+03 1.009710680224110563e-01 0.000000000000000000e+00
8.543767634871408518e+03 1.010856776342411029e-01 0.000000000000000000e+00
8.553454446248801105e+03 1.012002872460711217e-01 0.000000000000000000e+00
8.563141257626193692e+03 1.013148968579011960e-01 0.000000000000000000e+00
8.572828069003586279e+03 1.014295064697312565e-01 0.000000000000000000e+00
8.582514880380978866e+03 1.015441160815613031e-01 0.000000000000000000e+00
8.592201691758369634e+03 1.016587256933913358e-01 0.000000000000000000e+00
8.601888503135762221e+03 1.017733353052213963e-01 0.000000000000000000e+00
8.611575314513154808e+03 1.018879449170514706e-01 0.000000000000000000e+00
8.621262125890547395e+03 1.020025545288814894e-01 0.000000000000000000e+00
8.630948937267939982e+03 1.021171641407115915e-01 0.000000000000000000e+00
8.640635748645330750e+03 1.022317737525416104e-01 0.000000000000000000e+00
8.650322560022723337e+03 1.023463833643716431e-01 0.000000000000000000e+00
8.660009371400115924e+03 1.024609929762017035e-01 0.000000000000000000e+00
8.669696182777508511e+03 1.025756025880317779e-01 0.000000000000000000e+00
8.679382994154899279e+03 1.026902121998617967e-01 0.000000000000000000e+00
8.689069805532291866e+03 1.028048218116918433e-01 0.000000000000000000e+00
8.698756616909684453e+03 1.029194314235219454e-01 0.000000000000000000e+00
8.708443428287077040e+03 1.030340410353519642e-01 0.000000000000000000e+00
8.718130239664469627e+03 1.031486506471820108e-01 0.000000000000000000e+00
8.727817051041860395e+03 1.032632602590120852e-01 0.000000000000000000e+00
8.737503862419252982e+03 1.033778698708420901e-01 0.000000000000000000e+00
8.747190673796645569e+03 1.034924794826721783e-01 0.000000000000000000e+00
8.756877485174038156e+03 1.036070890945022249e-01 0.000000000000000000e+00
8.766564296551430743e+03 1.037216987063322854e-01 0.000000000000000000e+00
8.776251107928821511e+03 1.038363083181622903e-01 0.000000000000000000e+00
8.785937919306214098e+03 1.039509179299923647e-01 0.000000000000000000e+00
8.795624730683606685e+03 1.040655275418224390e-01 0.000000000000000000e+00
8.805311542060999273e+03 1.041801371536524856e-01 0.000000000000000000e+00
8.814998353438391860e+03 1.042947467654825322e-01 0.000000000000000000e+00
8.824685164815782628e+03 1.044093563773125510e-01 0.000000000000000000e+00
8.834371976193175215e+03 1.045239659891426254e-01 0.000000000000000000e+00
8.844058787570567802e+03 1.046385756009726720e-01 0.000000000000000000e+00
8.853745598947960389e+03 1.047531852128027602e-01 0.000000000000000000e+00
8.863432410325352976e+03 1.048677948246327790e-01 0.000000000000000000e+00
8.873119221702743744e+03 1.049824044364628256e-01 0.000000000000000000e+00
8.882806033080136331e+03 1.050970140482928722e-01 0.000000000000000000e+00
8.892492844457528918e+03 1.052116236601229188e-01 0.000000000000000000e+00
8.902179655834921505e+03 1.053262332719529931e-01 0.000000000000000000e+00
8.911866467212314092e+03 1.054408428837830675e-01 0.000000000000000000e+00
8.921553278589704860e+03 1.055554524956130724e-01 0.000000000000000000e+00
8.931240089967097447e+03 1.056700621074431329e-01 0.000000000000000000e+00
8.940926901344490034e+03 1.057846717192732072e-01 0.000000000000000000e+00
8.950613712721882621e+03 1.058992813311032538e-01 0.000000000000000000e+00
8.960300524099273389e+03 1.060138909429332726e-01 0.000000000000000000e+00
8.969987335476665976e+03 1.061285005547633470e-01 0.000000000000000000e+00
8.979674146854058563e+03 1.062431101665933936e-01 0.000000000000000000e+00
8.989360958231451150e+03 1.063577197784234679e-01 0.000000000000000000e+00
8.999047769608843737e+03 1.064723293902535145e-01 0.000000000000000000e+00
9.008734580986234505e+03 1.065869390020835333e-01 0.000000000000000000e+00
9.018421392363627092e+03 1.067015486139136077e-01 0.000000000000000000e+00
9.028108203741019679e+03 1.068161582257436681e-01 0.000000000000000000e+00
9.037795015118412266e+03 1.069307678375737147e-01 0.000000000000000000e+00
9.047481826495804853e+03 1.070453774494037613e-01 0.000000000000000000e+00
9.057168637873195621e+03 1.071599870612338079e-01 0.000000000000000000e+00
9.066855449250588208e+03 1.072745966730638684e-01 0.000000000000000000e+00
9.076542260627980795e+03 1.073892062848939150e-01 0.000000000000000000e+00
9.086229072005373382e+03 1.075038158967239615e-01 0.000000000000000000e+00
9.095915883382765969e+03 1.076184255085540498e-01 0.000000000000000000e+00
9.105602694760156737e+03 1.077330351203840686e-01 0.000000000000000000e+00
9.115289506137549324e+03 1.078476447322141152e-01 0.000000000000000000e+00
9.124976317514941911e+03 1.079622543440441618e-01 0.000000000000000000e+00
9.134663128892334498e+03 1.080768639558742084e-01 0.000000000000000000e+00
9.144349940269727085e+03 1.081914735677043105e-01 0.000000000000000000e+00
9.154036751647117853e+03 1.083060831795343015e-01 0.000000000000000000e+00
9.163723563024510440e+03 1.084206927913643759e-01 0.000000000000000000e+00
9.173410374401903027e+03 1.085353024031944225e-01 0.000000000000000000e+00
9.183097185779295614e+03 1.086499120150244690e-01 0.000000000000000000e+00
9.192783997156688201e+03 1.087645216268545573e-01 0.000000000000000000e+00
9.202470808534078969e+03 1.088791312386845622e-01 0.000000000000000000e+00
9.212157619911471556e+03 1.089937408505146504e-01 0.000000000000000000e+00
9.221844431288864143e+03 1.091083504623446832e-01 0.000000000000000000e+00
9.231531242666256730e+03 1.092229600741747575e-01 0.000000000000000000e+00
9.241218054043647498e+03 1.093375696860047763e-01 0.000000000000000000e+00
9.250904865421040085e+03 1.094521792978348229e-01 0.000000000000000000e+00
9.260591676798432673e+03 1.095667889096648973e-01 0.000000000000000000e+00
9.270278488175825260e+03 1.096813985214949577e-01 0.000000000000000000e+00
9.279965299553217847e+03 1.097960081333250043e-01 0.000000000000000000e+00
9.289652110930608615e+03 1.099106177451550093e-01 0.000000000000000000e+00
9.299338922308001202e+03 1.100252273569850975e-01 0.000000000000000000e+00
9.309025733685393789e+03 1.101398369688151302e-01 0.000000000000000000e+00
9.318712545062786376e+03 1.102544465806451768e-01 0.000000000000000000e+00
9.328399356440178963e+03 1.103690561924752650e-01 0.000000000000000000e+00
9.338086167817569731e+03 1.104836658043053116e-01 0.000000000000000000e+00
9.347772979194962318e+03 1.105982754161353165e-01 0.000000000000000000e+00
9.357459790572354905e+03 1.107128850279653909e-01 0.000000000000000000e+00
9.367146601949747492e+03 1.108274946397954513e-01 0.000000000000000000e+00
9.376833413327140079e+03 1.109421042516254979e-01 0.000000000000000000e+00
9.386520224704530847e+03 1.110567138634555306e-01 0.000000000000000000e+00
9.396207036081923434e+03 1.111713234752856189e-01 0.000000000000000000e+00
9.405893847459316021e+03 1.112859330871156655e-01 0.000000000000000000e+00
9.415580658836708608e+03 1.114005426989457120e-01 0.000000000000000000e+00
9.425267470214101195e+03 1.115151523107757864e-01 0.000000000000000000e+00
9.434954281591491963e+03 1.116297619226058052e-01 0.000000000000000000e+00
9.444641092968884550e+03 1.117443715344358379e-01 0.000000000000000000e+00
9.454327904346277137e+03 1.118589811462658984e-01 0.000000000000000000e+00
9.464014715723669724e+03 1.119735907580959727e-01 0.000000000000000000e+00
9.473701527101062311e+03 1.120882003699260193e-01 0.000000000000000000e+00
9.483388338478453079e+03 1.122028099817560659e-01 0.000000000000000000e+00
9.493075149855845666e+03 1.123174195935861402e-01 0.000000000000000000e+00
9.502761961233238253e+03 1.124320292054161591e-01 0.000000000000000000e+00
9.512448772610630840e+03 1.125466388172462334e-01 0.000000000000000000e+00
9.522135583988021608e+03 1.126612484290762800e-01 0.000000000000000000e+00
9.531822395365414195e+03 1.127758580409063266e-01 0.000000000000000000e+00
9.541509206742806782e+03 1.128904676527363732e-01 0.000000000000000000e+00
9.551196018120199369e+03 1.130050772645664198e-01 0.000000000000000000e+00
9.560882829497591956e+03 1.131196868763965080e-01 0.000000000000000000e+00
9.570569640874982724e+03 1.132342964882265129e-01 0.000000000000000000e+00
9.580256452252375311e+03 1.133489061000565734e-01 0.000000000000000000e+00
9.589943263629767898e+03 1.134635157118866478e-01 0.000000000000000000e+00
9.599630075007160485e+03 1.135781253237166805e-01 0.000000000000000000e+00
9.609316886384553072e+03 1.136927349355467409e-01 0.000000000000000000e+00
9.619003697761943840e+03 1.138073445473767736e-01 0.000000000000000000e+00
9.628690509139336427e+03 1.139219541592068202e-01 0.000000000000000000e+00
9.638377320516729014e+03 1.140365637710368807e-01 0.000000000000000000e+00
9.648064131894121601e+03 1.141511733828669550e-01 0.000000000000000000e+00
9.657750943271514188e+03 1.142657829946970016e-01 0.000000000000000000e+00
9.667437754648904956e+03 1.143803926065270204e-01 0.000000000000000000e+00
9.677124566026297543e+03 1.144950022183570948e-01 0.000000000000000000e+00
9.686811377403690130e+03 1.146096118301871414e-01 0.000000000000000000e+00
9.696498188781082717e+03 1.147242214420172157e-01 0.000000000000000000e+00
9.706185000158475304e+03 1.148388310538472623e-01 0.000000000000000000e+00
9.715871811535866073e+03 1.149534406656772811e-01 0.000000000000000000e+00
9.725558622913258660e+03 1.150680502775073555e-01 0.000000000000000000e+00
9.735245434290651247e+03 1.151826598893374021e-01 0.000000000000000000e+00
9.744932245668043834e+03 1.152972695011674625e-01 0.000000000000000000e+00
9.754619057045436421e+03 1.154118791129975230e-01 0.000000000000000000e+00
9.764305868422827189e+03 1.155264887248275696e-01 0.000000000000000000e+00
9.773992679800219776e+03 1.156410983366576162e-01 0.000000000000000000e+00
9.783679491177612363e+03 1.157557079484876628e-01 0.000000000000000000e+00
9.793366302555004950e+03 1.158703175603177232e-01 0.000000000000000000e+00
9.803053113932395718e+03 1.159849271721477282e-01 0.000000000000000000e+00
9.812739925309788305e+03 1.160995367839778025e-01 0.000000000000000000e+00
9.822426736687180892e+03 1.162141463958078630e-01 0.000000000000000000e+00
9.832113548064573479e+03 1.163287560076379373e-01 0.000000000000000000e+00
9.841800359441966066e+03 1.164433656194679562e-01 0.000000000000000000e+00
9.851487170819356834e+03 1.165579752312980027e-01 0.000000000000000000e+00
9.861173982196749421e+03 1.166725848431280771e-01 0.000000000000000000e+00
9.870860793574142008e+03 1.167871944549581098e-01 0.000000000000000000e+00
9.880547604951534595e+03 1.169018040667881980e-01 0.000000000000000000e+00
9.890234416328927182e+03 1.170164136786182446e-01 0.000000000000000000e+00
9.899921227706317950e+03 1.171310232904482634e-01 0.000000000000000000e+00
9.909608039083710537e+03 1.172456329022783100e-01 0.000000000000000000e+00
9.919294850461103124e+03 1.173602425141083566e-01 0.000000000000000000e+00
9.928981661838495711e+03 1.174748521259384310e-01 0.000000000000000000e+00
9.938668473215888298e+03 1.175894617377685053e-01 0.000000000000000000e+00
9.948355284593279066e+03 1.177040713495985519e-01 0.000000000000000000e+00
9.958042095970671653e+03 1.178186809614285707e-01 0.000000000000000000e+00
9.967728907348064240e+03 1.179332905732586451e-01 0.000000000000000000e+00
9.977415718725456827e+03 1.180479001850887055e-01 0.000000000000000000e+00
9.987102530102849414e+03 1.181625097969187521e-01 0.000000000000000000e+00
9.996789341480240182e+03 1.182771194087487848e-01 0.000000000000000000e+00
1.000647615285763277e+04 1.183917290205788453e-01 0.000000000000000000e+00
1.001616296423502536e+04 1.185063386324088919e-01 0.000000000000000000e+00
1.002584977561241794e+04 1.186209482442389523e-01 0.000000000000000000e+00
1.003553658698981053e+04 1.187355578560690128e-01 0.000000000000000000e+00
1.004522339836720130e+04 1.188501674678990178e-01 0.000000000000000000e+00
1.005491020974459389e+04 1.189647770797290643e-01 0.000000000000000000e+00
1.006459702112198647e+04 1.190793866915591526e-01 0.000000000000000000e+00
1.007428383249937906e+04 1.191939963033891992e-01 0.000000000000000000e+00
1.008397064387676983e+04 1.193086059152192457e-01 0.000000000000000000e+00
1.009365745525416241e+04 1.194232155270492923e-01 0.000000000000000000e+00
1.010334426663155500e+04 1.195378251388793667e-01 0.000000000000000000e+00
1.011303107800894759e+04 1.196524347507093716e-01 0.000000000000000000e+00
1.012271788938634018e+04 1.197670443625394876e-01 0.000000000000000000e+00
1.013240470076373094e+04 1.198816539743695064e-01 0.000000000000000000e+00
1.014209151214112353e+04 1.199962635861995530e-01 0.000000000000000000e+00
1.015177832351851612e+04 1.201108731980295996e-01 0.000000000000000000e+00
1.016146513489590870e+04 1.202254828098596878e-01 0.000000000000000000e+00
1.017115194627330129e+04 1.203400924216897205e-01 0.000000000000000000e+00
1.018083875765069206e+04 1.204547020335197394e-01 0.000000000000000000e+00
1.019052556902808465e+04 1.205693116453498415e-01 0.000000000000000000e+00
1.020021238040547723e+04 1.206839212571798603e-01 0.000000000000000000e+00
1.020989919178286982e+04 1.207985308690099069e-01 0.000000000000000000e+00
1.021958600316026241e+04 1.209131404808399535e-01 0.000000000000000000e+00
1.022927281453765318e+04 1.210277500926700417e-01 0.000000000000000000e+00
1.023895962591504576e+04 1.211423597045000744e-01 0.000000000000000000e+00
1.024864643729243835e+04 1.212569693163301210e-01 0.000000000000000000e+00
1.025833324866983094e+04 1.213715789281601815e-01 0.000000000000000000e+00
1.026802006004722352e+04 1.214861885399902142e-01 0.000000000000000000e+00
1.027770687142461429e+04 1.216007981518202608e-01 0.000000000000000000e+00
1.028739368280200688e+04 1.217154077636503073e-01 0.000000000000000000e+00
1.029708049417939947e+04 1.218300173754803956e-01 0.000000000000000000e+00
1.030676730555679205e+04 1.219446269873104283e-01 0.000000000000000000e+00
1.031645411693418464e+04 1.220592365991404887e-01 0.000000000000000000e+00
1.032614092831157541e+04 1.221738462109705353e-01 0.000000000000000000e+00
1.033582773968896799e+04 1.222884558228005680e-01 0.000000000000000000e+00
1.034551455106636058e+04 1.224030654346306285e-01 0.000000000000000000e+00
1.035520136244375317e+04 1.225176750464607028e-01 0.000000000000000000e+00
1.036488817382114394e+04 1.226322846582907494e-01 0.000000000000000000e+00
1.037457498519853652e+04 1.227468942701207683e-01 0.000000000000000000e+00
1.038426179657592911e+04 1.228615038819508426e-01 0.000000000000000000e+00
1.039394860795332170e+04 1.229761134937808892e-01 0.000000000000000000e+00
1.040363541933071429e+04 1.230907231056109358e-01 0.000000000000000000e+00
1.041332223070810505e+04 1.232053327174409685e-01 0.000000000000000000e+00
1.042300904208549764e+04 1.233199423292710567e-01 0.000000000000000000e+00
1.043269585346289023e+04 1.234345519411011033e-01 0.000000000000000000e+00
1.044238266484028281e+04 1.235491615529311499e-01 0.000000000000000000e+00
1.045206947621767540e+04 1.236637711647611965e-01 0.000000000000000000e+00
1.046175628759506617e+04 1.237783807765912431e-01 0.000000000000000000e+00
1.047144309897245876e+04 1.238929903884213174e-01 0.000000000000000000e+00
1.048112991034985134e+04 1.240076000002513640e-01 0.000000000000000000e+00
1.049081672172724393e+04 1.241222096120814106e-01 0.000000000000000000e+00
1.050050353310463652e+04 1.242368192239114710e-01 0.000000000000000000e+00
1.051019034448202729e+04 1.243514288357415037e-01 0.000000000000000000e+00
1.051987715585941987e+04 1.244660384475715503e-01 0.000000000000000000e+00
1.052956396723681246e+04 1.245806480594016108e-01 0.000000000000000000e+00
1.053925077861420505e+04 1.246952576712316851e-01 0.000000000000000000e+00
1.054893758999159763e+04 1.248098672830617317e-01 0.000000000000000000e+00
1.055862440136898840e+04 1.249244768948917644e-01 0.000000000000000000e+00
1.056831121274638099e+04 1.250390865067217971e-01 0.000000000000000000e+00
1.057799802412377358e+04 1.251536961185518437e-01 0.000000000000000000e+00
1.058768483550116616e+04 1.252683057303819458e-01 0.000000000000000000e+00
1.059737164687855875e+04 1.253829153422119924e-01 0.000000000000000000e+00
1.060705845825594952e+04 1.254975249540420112e-01 0.000000000000000000e+00
1.061674526963334210e+04 1.256121345658720856e-01 0.000000000000000000e+00
1.062643208101073469e+04 1.257267441777021322e-01 0.000000000000000000e+00
1.063611889238812728e+04 1.258413537895321788e-01 0.000000000000000000e+00
1.064580570376551805e+04 1.259559634013621976e-01 0.000000000000000000e+00
1.065549251514291063e+04 1.260705730131922997e-01 0.000000000000000000e+00
1.066517932652030322e+04 1.261851826250223185e-01 0.000000000000000000e+00
1.067486613789769581e+04 1.262997922368523929e-01 0.000000000000000000e+00
1.068455294927508839e+04 1.264144018486824395e-01 0.000000000000000000e+00
1.069423976065247916e+04 1.265290114605124583e-01 0.000000000000000000e+00
1.070392657202987175e+04 1.266436210723425326e-01 0.000000000000000000e+00
1.071361338340726434e+04 1.267582306841726070e-01 0.000000000000000000e+00
1.072330019478465692e+04 1.268728402960026536e-01 0.000000000000000000e+00
1.073298700616204951e+04 1.269874499078327001e-01 0.000000000000000000e+00
1.074267381753944028e+04 1.271020595196627467e-01 0.000000000000000000e+00
1.075236062891683287e+04 1.272166691314927933e-01 0.000000000000000000e+00
1.076204744029422545e+04 1.273312787433228399e-01 0.000000000000000000e+00
1.077173425167161804e+04 1.274458883551529143e-01 0.000000000000000000e+00
1.078142106304901063e+04 1.275604979669829608e-01 0.000000000000000000e+00
1.079110787442640139e+04 1.276751075788130074e-01 0.000000000000000000e+00
1.080079468580379398e+04 1.277897171906430540e-01 0.000000000000000000e+00
1.081048149718118657e+04 1.279043268024731006e-01 0.000000000000000000e+00
1.082016830855857916e+04 1.280189364143031472e-01 0.000000000000000000e+00
1.082985511993597174e+04 1.281335460261332215e-01 0.000000000000000000e+00
1.083954193131336251e+04 1.282481556379632681e-01 0.000000000000000000e+00
1.084922874269075510e+04 1.283627652497933147e-01 0.000000000000000000e+00
1.085891555406814769e+04 1.284773748616233613e-01 0.000000000000000000e+00
1.086860236544554027e+04 1.285919844734534079e-01 0.000000000000000000e+00
1.087828917682293286e+04 1.287065940852834545e-01 0.000000000000000000e+00
1.088797598820032363e+04 1.288212036971135011e-01 0.000000000000000000e+00
1.089766279957771621e+04 1.289358133089435754e-01 0.000000000000000000e+00
1.090734961095510880e+04 1.290504229207736220e-01 0.000000000000000000e+00
1.091703642233250139e+04 1.291650325326036686e-01 0.000000000000000000e+00
1.092672323370989216e+04 1.292796421444337152e-01 0.000000000000000000e+00
1.093641004508728474e+04 1.293942517562637617e-01 0.000000000000000000e+00
1.094609685646467733e+04 1.295088613680938083e-01 0.000000000000000000e+00
1.095578366784206992e+04 1.296234709799238827e-01 0.000000000000000000e+00
1.096547047921946250e+04 1.297380805917539293e-01 0.000000000000000000e+00
1.097515729059685327e+04 1.298526902035839481e-01 0.000000000000000000e+00
1.098484410197424586e+04 1.299672998154139947e-01 0.000000000000000000e+00
1.099453091335163845e+04 1.300819094272440968e-01 0.000000000000000000e+00
1.100421772472903103e+04 1.301965190390741434e-01 0.000000000000000000e+00
1.101390453610642362e+04 1.303111286509041900e-01 0.000000000000000000e+00
1.102359134748381439e+04 1.304257382627342088e-01 0.000000000000000000e+00
1.103327815886120698e+04 1.305403478745642831e-01 0.000000000000000000e+00
1.104296497023859956e+04 1.306549574863943020e-01 0.000000000000000000e+00
1.105265178161599215e+04 1.307695670982243763e-01 0.000000000000000000e+00
1.106233859299338474e+04 1.308841767100544506e-01 0.000000000000000000e+00
1.107202540437077550e+04 1.309987863218844417e-01 0.000000000000000000e+00
1.108171221574816809e+04 1.311133959337145438e-01 0.000000000000000000e+00
1.109139902712556068e+04 1.312280055455445904e-01 0.000000000000000000e+00
1.110108583850295327e+04 1.313426151573746370e-01 0.000000000000000000e+00
1.111077264988034585e+04 1.314572247692046836e-01 0.000000000000000000e+00
1.112045946125773662e+04 1.315718343810347302e-01 0.000000000000000000e+00
1.113014627263512921e+04 1.316864439928648045e-01 0.000000000000000000e+00
1.113983308401252179e+04 1.318010536046948511e-01 0.000000000000000000e+00
1.114951989538991438e+04 1.319156632165248977e-01 0.000000000000000000e+00
1.115920670676730697e+04 1.320302728283549443e-01 0.000000000000000000e+00
1.116889351814469774e+04 1.321448824401849909e-01 0.000000000000000000e+00
1.117858032952209032e+04 1.322594920520150374e-01 0.000000000000000000e+00
1.118826714089948291e+04 1.323741016638451395e-01 0.000000000000000000e+00
1.119795395227687550e+04 1.324887112756751584e-01 0.000000000000000000e+00
1.120764076365426627e+04 1.326033208875051495e-01 0.000000000000000000e+00
1.121732757503165885e+04 1.327179304993352515e-01 0.000000000000000000e+00
1.122701438640905144e+04 1.328325401111652981e-01 0.000000000000000000e+00
1.123670119778644403e+04 1.329471497229953725e-01 0.000000000000000000e+00
1.124638800916383661e+04 1.330617593348253913e-01 0.000000000000000000e+00
1.125607482054122738e+04 1.331763689466554934e-01 0.000000000000000000e+00
1.126576163191861997e+04 1.332909785584855122e-01 0.000000000000000000e+00
1.127544844329601256e+04 1.334055881703155588e-01 0.000000000000000000e+00
1.128513525467340514e+04 1.335201977821456332e-01 0.000000000000000000e+00
1.129482206605079773e+04 1.336348073939756798e-01 0.000000000000000000e+00
1.130450887742818850e+04 1.337494170058056986e-01 0.000000000000000000e+00
1.131419568880558109e+04 1.338640266176357452e-01 0.000000000000000000e+00
1.132388250018297367e+04 1.339786362294658195e-01 0.000000000000000000e+00
1.133356931156036626e+04 1.340932458412958939e-01 0.000000000000000000e+00
1.134325612293775885e+04 1.342078554531259404e-01 0.000000000000000000e+00
1.135294293431514961e+04 1.343224650649559870e-01 0.000000000000000000e+00
1.136262974569254220e+04 1.344370746767860059e-01 0.000000000000000000e+00
1.137231655706993479e+04 1.345516842886160802e-01 0.000000000000000000e+00
1.138200336844732738e+04 1.346662939004461268e-01 0.000000000000000000e+00
1.139169017982471996e+04 1.347809035122762011e-01 0.000000000000000000e+00
1.140137699120211073e+04 1.348955131241062200e-01 0.000000000000000000e+00
1.141106380257950332e+04 1.350101227359362666e-01 0.000000000000000000e+00
1.142075061395689590e+04 1.351247323477663131e-01 0.000000000000000000e+00
1.143043742533428849e+04 1.352393419595963875e-01 0.000000000000000000e+00
1.144012423671167926e+04 1.353539515714264341e-01 0.000000000000000000e+00
1.144981104808907185e+04 1.354685611832564807e-01 0.000000000000000000e+00
1.145949785946646443e+04 1.355831707950865272e-01 0.000000000000000000e+00
1.146918467084385702e+04 1.356977804069165738e-01 0.000000000000000000e+00
1.147887148222124961e+04 1.358123900187466759e-01 0.000000000000000000e+00
1.148855829359864038e+04 1.359269996305766670e-01 0.000000000000000000e+00
1.149824510497603296e+04 1.360416092424067414e-01 0.000000000000000000e+00
1.150793191635342555e+04 1.361562188542367879e-01 0.000000000000000000e+00
1.151761872773081814e+04 1.362708284660668345e-01 0.000000000000000000e+00
1.152730553910821072e+04 1.363854380778969089e-01 0.000000000000000000e+00
1.153699235048560149e+04 1.365000476897269277e-01 0.000000000000000000e+00
1.154667916186299408e+04 1.366146573015569743e-01 0.000000000000000000e+00
1.155636597324038667e+04 1.367292669133870486e-01 0.000000000000000000e+00
1.156605278461777925e+04 1.368438765252171230e-01 0.000000000000000000e+00
1.157573959599517184e+04 1.369584861370471418e-01 0.000000000000000000e+00
1.158542640737256261e+04 1.370730957488771884e-01 0.000000000000000000e+00
1.159511321874995519e+04 1.371877053607072627e-01 0.000000000000000000e+00
1.160480003012734778e+04 1.373023149725373371e-01 0.000000000000000000e+00
1.161448684150474037e+04 1.374169245843673837e-01 0.000000000000000000e+00
1.162417365288213296e+04 1.375315341961974303e-01 0.000000000000000000e+00
1.163386046425952372e+04 1.376461438080274768e-01 0.000000000000000000e+00
1.164354727563691631e+04 1.377607534198574957e-01 0.000000000000000000e+00
1.165323408701430890e+04 1.378753630316875700e-01 0.000000000000000000e+00
1.166292089839170148e+04 1.379899726435176444e-01 0.000000000000000000e+00
1.167260770976909407e+04 1.381045822553476909e-01 0.000000000000000000e+00
1.168229452114648484e+04 1.382191918671776820e-01 0.000000000000000000e+00
1.169198133252387743e+04 1.383338014790077841e-01 0.000000000000000000e+00
1.170166814390127001e+04 1.384484110908378307e-01 0.000000000000000000e+00
1.171135495527866260e+04 1.385630207026678495e-01 0.000000000000000000e+00
1.172104176665605337e+04 1.386776303144979239e-01 0.000000000000000000e+00
1.173072857803344596e+04 1.387922399263279705e-01 0.000000000000000000e+00
1.174041538941083854e+04 1.389068495381580448e-01 0.000000000000000000e+00
1.175010220078823113e+04 1.390214591499880914e-01 0.000000000000000000e+00
1.175978901216562372e+04 1.391360687618181657e-01 0.000000000000000000e+00
1.176947582354301449e+04 1.392506783736481846e-01 0.000000000000000000e+00
1.177916263492040707e+04 1.393652879854782312e-01 0.000000000000000000e+00
1.178884944629779966e+04 1.394798975973083055e-01 0.000000000000000000e+00
1.179853625767519225e+04 1.395945072091383521e-01 0.000000000000000000e+00
1.180822306905258483e+04 1.397091168209683987e-01 0.000000000000000000e+00
1.181790988042997560e+04 1.398237264327984453e-01 0.000000000000000000e+00
1.182759669180736819e+04 1.399383360446284918e-01 0.000000000000000000e+00
1.183728350318476078e+04 1.400529456564585384e-01 0.000000000000000000e+00
1.184697031456215336e+04 1.401675552682885850e-01 0.000000000000000000e+00
1.185665712593954595e+04 1.402821648801186594e-01 0.000000000000000000e+00
1.186634393731693672e+04 1.403967744919487060e-01 0.000000000000000000e+00
1.187603074869432930e+04 1.405113841037787525e-01 0.000000000000000000e+00
1.188571756007172189e+04 1.406259937156087991e-01 0.000000000000000000e+00
1.189540437144911448e+04 1.407406033274388457e-01 0.000000000000000000e+00
1.190509118282650707e+04 1.408552129392688923e-01 0.000000000000000000e+00
1.191477799420389783e+04 1.409698225510989389e-01 0.000000000000000000e+00
1.192446480558129042e+04 1.410844321629290132e-01 0.000000000000000000e+00
1.193415161695868301e+04 1.411990417747590321e-01 0.000000000000000000e+00
1.194383842833607559e+04 1.413136513865891064e-01 0.000000000000000000e+00
1.195352523971346818e+04 1.414282609984191807e-01 0.000000000000000000e+00
1.196321205109085895e+04 1.415428706102492273e-01 0.000000000000000000e+00
1.197289886246825154e+04 1.416574802220792739e-01 0.000000000000000000e+00
1.198258567384564412e+04 1.417720898339092928e-01 0.000000000000000000e+00
1.199227248522303671e+04 1.418866994457393671e-01 0.000000000000000000e+00
1.200195929660042748e+04 1.420013090575693859e-01 0.000000000000000000e+00
1.201164610797782007e+04 1.421159186693994325e-01 0.000000000000000000e+00
1.202133291935521265e+04 1.422305282812295346e-01 0.000000000000000000e+00
1.203101973073260524e+04 1.423451378930595812e-01 0.000000000000000000e+00
1.204070654210999783e+04 1.424597475048896278e-01 0.000000000000000000e+00
1.205039335348738859e+04 1.425743571167196466e-01 0.000000000000000000e+00
1.206008016486478118e+04 1.426889667285497210e-01 0.000000000000000000e+00
1.206976697624217377e+04 1.428035763403797398e-01 0.000000000000000000e+00
1.207945378761956636e+04 1.429181859522098141e-01 0.000000000000000000e+00
1.208914059899695894e+04 1.430327955640398885e-01 0.000000000000000000e+00
1.209882741037435153e+04 1.431474051758699628e-01 0.000000000000000000e+00
