k, f, h2OmegaGW
7.174828108784376803e-10 4.937057131522951960e-13 4.476276043818149266e-60
4.164066506931268785e-02 2.865327772662702678e-05 2.850388252427439114e-31
8.328132942114256643e-02 5.730655495954833705e-05 1.121656056602866676e-30
1.249219937729724450e-01 8.595983219246966088e-05 1.799313898745303821e-30
1.665626581248023375e-01 1.146131094253910118e-04 5.557125645752617717e-30
2.082033224766322299e-01 1.432663866583122950e-04 4.972722822369533870e-30
2.498439868284620946e-01 1.719196638912336324e-04 6.029815479199460623e-30
2.914846511802919315e-01 2.005729411241548613e-04 7.209578730654585397e-30
3.331253155321218240e-01 2.292262183570762800e-04 6.633013651516970519e-30
3.747659798839517165e-01 2.578794955899975632e-04 7.282029562953551636e-30
4.164066442357816089e-01 2.865327728229188735e-04 7.563504896317386361e-30
4.580473085876114459e-01 3.151860500558401838e-04 7.234120522798248208e-30
4.996879729394413383e-01 3.438393272887614940e-04 8.143995899526005766e-30
5.413286372912712308e-01 3.724926045216828043e-04 9.656053364750304122e-30
5.829693016431011232e-01 4.011458817546040604e-04 1.236603284081020110e-29
6.246099659949310157e-01 4.297991589875255333e-04 1.575157479533600684e-29
6.662506303467609081e-01 4.584524362204467351e-04 1.967920212292460362e-29
7.078912946985908006e-01 4.871057134533680996e-04 2.297261241646351128e-29
7.495319590504206930e-01 5.157589906862894641e-04 2.474861955906811407e-29
7.911726234022505855e-01 5.444122679192107744e-04 2.346316537738594470e-29
8.328132877540804779e-01 5.730655451521320847e-04 2.186026227085502118e-29
8.744539521059102594e-01 6.017188223850535034e-04 1.616182512524387523e-29
9.160946164577401518e-01 6.303720996179748137e-04 1.326000077160181909e-29
9.577352808095700443e-01 6.590253768508960155e-04 6.931215991391996998e-30
9.993759451613999367e-01 6.876786540838174342e-04 2.512607754712317116e-30
1.041016609513229607e+00 7.163319313167385276e-04 1.254541563510973775e-30
1.082657273865059500e+00 7.449852085496598379e-04 8.201166037394585816e-31
1.124297938216889392e+00 7.736384857825811482e-04 4.252424881536937449e-31
1.165938602568719284e+00 8.022917630155023501e-04 3.391592879958848530e-31
1.207579266920549177e+00 8.309450402484238772e-04 2.052449618887494870e-31
1.249219931272379069e+00 8.595983174813451875e-04 1.454950627358813661e-31
1.290860595624208962e+00 8.882515947142664977e-04 9.005218196592603762e-32
1.332501259976038854e+00 9.169048719471876996e-04 6.241786486805756097e-32
1.374141924327868747e+00 9.455581491801090099e-04 4.157091371277031237e-32
1.415782588679698639e+00 9.742114264130303201e-04 1.980884994799165575e-32
1.457423253031528532e+00 1.002864703645951847e-03 1.519902777653791253e-32
1.499063917383358424e+00 1.031517980878873158e-03 6.593678811512960652e-33
1.540704581735188317e+00 1.060171258111794685e-03 2.113598149185847066e-33
1.582345246087018209e+00 1.088824535344715561e-03 8.287854997843108537e-34
1.623985910438848101e+00 1.117477812577636872e-03 1.257983394601631995e-34
1.665626574790677994e+00 1.146131089810558399e-03 4.058220454815199094e-35
1.707267239142507664e+00 1.174784367043479709e-03 2.624800450170314142e-36
1.748907903494337557e+00 1.203437644276400802e-03 0.000000000000000000e+00
1.790548567846167449e+00 1.232090921509322329e-03 0.000000000000000000e+00
1.832189232197997342e+00 1.260744198742243640e-03 0.000000000000000000e+00
1.873829896549827234e+00 1.289397475975164950e-03 0.000000000000000000e+00
1.915470560901657127e+00 1.318050753208086477e-03 0.000000000000000000e+00
1.957111225253487019e+00 1.346704030441007354e-03 0.000000000000000000e+00
1.998751889605316912e+00 1.375357307673928881e-03 0.000000000000000000e+00
2.040392553957147026e+00 1.404010584906849974e-03 0.000000000000000000e+00
2.082033218308976696e+00 1.432663862139771068e-03 0.000000000000000000e+00
2.123673882660806811e+00 1.461317139372693029e-03 0.000000000000000000e+00
2.165314547012636481e+00 1.489970416605614339e-03 0.000000000000000000e+00
2.206955211364466596e+00 1.518623693838535432e-03 0.000000000000000000e+00
2.248595875716296266e+00 1.547276971071456743e-03 0.000000000000000000e+00
2.290236540068126381e+00 1.575930248304378486e-03 0.000000000000000000e+00
2.331877204419956051e+00 1.604583525537299363e-03 0.000000000000000000e+00
2.373517868771786166e+00 1.633236802770221107e-03 0.000000000000000000e+00
2.415158533123615836e+00 1.661890080003141984e-03 0.000000000000000000e+00
2.456799197475445951e+00 1.690543357236063511e-03 0.000000000000000000e+00
2.498439861827275621e+00 1.719196634468984821e-03 0.000000000000000000e+00
2.540080526179105735e+00 1.747849911701906131e-03 0.000000000000000000e+00
2.581721190530935406e+00 1.776503188934827225e-03 0.000000000000000000e+00
2.623361854882765520e+00 1.805156466167748752e-03 0.000000000000000000e+00
2.665002519234595191e+00 1.833809743400670062e-03 0.000000000000000000e+00
2.706643183586424861e+00 1.862463020633590939e-03 0.000000000000000000e+00
2.748283847938254976e+00 1.891116297866512683e-03 0.000000000000000000e+00
2.789924512290084646e+00 1.919769575099433559e-03 0.000000000000000000e+00
2.831565176641914761e+00 1.948422852332355303e-03 0.000000000000000000e+00
2.873205840993744431e+00 1.977076129565276830e-03 0.000000000000000000e+00
2.914846505345574545e+00 2.005729406798198357e-03 0.000000000000000000e+00
2.956487169697404216e+00 2.034382684031119017e-03 0.000000000000000000e+00
2.998127834049234330e+00 2.063035961264040544e-03 0.000000000000000000e+00
3.039768498401064001e+00 2.091689238496962071e-03 0.000000000000000000e+00
3.081409162752894115e+00 2.120342515729883165e-03 0.000000000000000000e+00
3.123049827104723786e+00 2.148995792962804692e-03 0.000000000000000000e+00
3.164690491456553900e+00 2.177649070195725785e-03 0.000000000000000000e+00
3.206331155808383571e+00 2.206302347428646879e-03 0.000000000000000000e+00
3.247971820160213685e+00 2.234955624661568406e-03 0.000000000000000000e+00
3.289612484512043356e+00 2.263608901894489933e-03 0.000000000000000000e+00
3.331253148863873470e+00 2.292262179127411460e-03 0.000000000000000000e+00
3.372893813215703140e+00 2.320915456360332554e-03 0.000000000000000000e+00
3.414534477567532811e+00 2.349568733593254081e-03 0.000000000000000000e+00
3.456175141919362925e+00 2.378222010826174741e-03 0.000000000000000000e+00
3.497815806271192596e+00 2.406875288059096268e-03 0.000000000000000000e+00
3.539456470623022710e+00 2.435528565292017361e-03 0.000000000000000000e+00
3.581097134974852381e+00 2.464181842524938888e-03 0.000000000000000000e+00
3.622737799326682495e+00 2.492835119757859982e-03 0.000000000000000000e+00
3.664378463678512166e+00 2.521488396990781509e-03 0.000000000000000000e+00
3.706019128030342280e+00 2.550141674223702602e-03 0.000000000000000000e+00
3.747659792382171950e+00 2.578794951456624129e-03 0.000000000000000000e+00
3.789300456734002065e+00 2.607448228689546090e-03 0.000000000000000000e+00
3.830941121085831735e+00 2.636101505922467617e-03 0.000000000000000000e+00
3.872581785437661850e+00 2.664754783155388277e-03 0.000000000000000000e+00
3.914222449789491520e+00 2.693408060388308937e-03 0.000000000000000000e+00
3.955863114141321635e+00 2.722061337621230898e-03 0.000000000000000000e+00
3.997503778493151305e+00 2.750714614854152425e-03 0.000000000000000000e+00
4.039144442844981420e+00 2.779367892087073952e-03 0.000000000000000000e+00
4.080785107196811090e+00 2.808021169319994612e-03 0.000000000000000000e+00
4.122425771548640760e+00 2.836674446552916139e-03 0.000000000000000000e+00
4.164066435900470431e+00 2.865327723785836798e-03 0.000000000000000000e+00
4.205707100252300989e+00 2.893981001018759193e-03 0.000000000000000000e+00
4.247347764604130660e+00 2.922634278251679853e-03 0.000000000000000000e+00
4.288988428955960330e+00 2.951287555484601380e-03 0.000000000000000000e+00
4.330629093307790001e+00 2.979940832717522473e-03 0.000000000000000000e+00
4.372269757659620559e+00 3.008594109950444868e-03 0.000000000000000000e+00
4.413910422011450230e+00 3.037247387183365527e-03 0.000000000000000000e+00
4.455551086363279900e+00 3.065900664416287055e-03 0.000000000000000000e+00
4.497191750715109571e+00 3.094553941649207281e-03 0.000000000000000000e+00
4.538832415066940129e+00 3.123207218882129675e-03 0.000000000000000000e+00
4.580473079418769800e+00 3.151860496115050335e-03 0.000000000000000000e+00
4.622113743770599470e+00 3.180513773347971862e-03 0.000000000000000000e+00
4.663754408122429140e+00 3.209167050580892955e-03 0.000000000000000000e+00
4.705395072474258811e+00 3.237820327813814483e-03 0.000000000000000000e+00
4.747035736826089369e+00 3.266473605046736443e-03 0.000000000000000000e+00
4.788676401177919040e+00 3.295126882279657537e-03 0.000000000000000000e+00
4.830317065529748710e+00 3.323780159512579064e-03 0.000000000000000000e+00
4.871957729881578381e+00 3.352433436745499724e-03 0.000000000000000000e+00
4.913598394233408939e+00 3.381086713978421684e-03 0.000000000000000000e+00
4.955239058585238610e+00 3.409739991211342778e-03 0.000000000000000000e+00
4.996879722937068280e+00 3.438393268444263871e-03 0.000000000000000000e+00
5.038520387288897950e+00 3.467046545677184531e-03 0.000000000000000000e+00
5.080161051640728509e+00 3.495699822910106492e-03 0.000000000000000000e+00
5.121801715992558179e+00 3.524353100143027152e-03 0.000000000000000000e+00
5.163442380344387850e+00 3.553006377375949112e-03 0.000000000000000000e+00
5.205083044696217520e+00 3.581659654608869772e-03 0.000000000000000000e+00
5.246723709048048079e+00 3.610312931841791299e-03 0.000000000000000000e+00
5.288364373399877749e+00 3.638966209074712393e-03 0.000000000000000000e+00
5.330005037751707420e+00 3.667619486307634354e-03 0.000000000000000000e+00
5.371645702103537090e+00 3.696272763540555013e-03 0.000000000000000000e+00
5.413286366455366760e+00 3.724926040773476107e-03 0.000000000000000000e+00
5.454927030807197319e+00 3.753579318006398935e-03 0.000000000000000000e+00
5.496567695159026989e+00 3.782232595239319595e-03 0.000000000000000000e+00
5.538208359510856660e+00 3.810885872472241555e-03 0.000000000000000000e+00
5.579849023862686330e+00 3.839539149705162215e-03 0.000000000000000000e+00
5.621489688214516889e+00 3.868192426938084176e-03 0.000000000000000000e+00
5.663130352566346559e+00 3.896845704171004836e-03 0.000000000000000000e+00
5.704771016918176230e+00 3.925498981403926363e-03 0.000000000000000000e+00
5.746411681270005900e+00 3.954152258636847023e-03 0.000000000000000000e+00
5.788052345621836459e+00 3.982805535869768550e-03 0.000000000000000000e+00
5.829693009973666129e+00 4.011458813102690944e-03 0.000000000000000000e+00
5.871333674325495799e+00 4.040112090335610737e-03 0.000000000000000000e+00
5.912974338677325470e+00 4.068765367568532264e-03 0.000000000000000000e+00
5.954615003029156028e+00 4.097418644801453791e-03 0.000000000000000000e+00
5.996255667380985699e+00 4.126071922034375318e-03 0.000000000000000000e+00
6.037896331732815369e+00 4.154725199267295978e-03 0.000000000000000000e+00
6.079536996084645040e+00 4.183378476500218372e-03 0.000000000000000000e+00
6.121177660436474710e+00 4.212031753733139032e-03 0.000000000000000000e+00
6.162818324788305269e+00 4.240685030966061426e-03 0.000000000000000000e+00
6.204458989140134939e+00 4.269338308198982086e-03 0.000000000000000000e+00
6.246099653491964609e+00 4.297991585431903613e-03 0.000000000000000000e+00
6.287740317843794280e+00 4.326644862664824273e-03 0.000000000000000000e+00
6.329380982195624838e+00 4.355298139897745800e-03 0.000000000000000000e+00
6.371021646547454509e+00 4.383951417130666460e-03 0.000000000000000000e+00
6.412662310899284179e+00 4.412604694363588854e-03 0.000000000000000000e+00
6.454302975251113850e+00 4.441257971596509514e-03 0.000000000000000000e+00
6.495943639602944408e+00 4.469911248829431909e-03 0.000000000000000000e+00
6.537584303954774079e+00 4.498564526062353436e-03 0.000000000000000000e+00
6.579224968306603749e+00 4.527217803295274096e-03 0.000000000000000000e+00
6.620865632658433420e+00 4.555871080528194755e-03 0.000000000000000000e+00
6.662506297010263978e+00 4.584524357761116282e-03 0.000000000000000000e+00
6.704146961362093649e+00 4.613177634994038677e-03 0.000000000000000000e+00
6.745787625713923319e+00 4.641830912226959337e-03 0.000000000000000000e+00
6.787428290065752989e+00 4.670484189459879996e-03 0.000000000000000000e+00
6.829068954417582660e+00 4.699137466692801524e-03 0.000000000000000000e+00
6.870709618769413218e+00 4.727790743925723918e-03 0.000000000000000000e+00
6.912350283121242889e+00 4.756444021158644578e-03 0.000000000000000000e+00
6.953990947473072559e+00 4.785097298391565238e-03 0.000000000000000000e+00
6.995631611824902230e+00 4.813750575624486765e-03 0.000000000000000000e+00
7.037272276176732788e+00 4.842403852857408292e-03 0.000000000000000000e+00
7.078912940528562459e+00 4.871057130090329819e-03 0.000000000000000000e+00
7.120553604880392129e+00 4.899710407323250479e-03 0.000000000000000000e+00
7.162194269232221799e+00 4.928363684556170271e-03 0.000000000000000000e+00
7.203834933584052358e+00 4.957016961789094400e-03 0.000000000000000000e+00
7.245475597935882028e+00 4.985670239022015060e-03 0.000000000000000000e+00
7.287116262287711699e+00 5.014323516254937455e-03 0.000000000000000000e+00
7.328756926639541369e+00 5.042976793487856380e-03 0.000000000000000000e+00
7.370397590991371040e+00 5.071630070720778774e-03 0.000000000000000000e+00
7.412038255343201598e+00 5.100283347953701168e-03 0.000000000000000000e+00
7.453678919695031269e+00 5.128936625186621828e-03 0.000000000000000000e+00
7.495319584046860939e+00 5.157589902419542488e-03 0.000000000000000000e+00
7.536960248398690609e+00 5.186243179652464882e-03 0.000000000000000000e+00
7.578600912750521168e+00 5.214896456885386410e-03 0.000000000000000000e+00
7.620241577102350838e+00 5.243549734118307069e-03 0.000000000000000000e+00
7.661882241454180509e+00 5.272203011351227729e-03 0.000000000000000000e+00
7.703522905806010179e+00 5.300856288584149256e-03 0.000000000000000000e+00
7.745163570157840738e+00 5.329509565817071651e-03 0.000000000000000000e+00
7.786804234509670408e+00 5.358162843049991443e-03 0.000000000000000000e+00
7.828444898861500079e+00 5.386816120282912970e-03 0.000000000000000000e+00
7.870085563213329749e+00 5.415469397515833630e-03 0.000000000000000000e+00
7.911726227565160308e+00 5.444122674748756892e-03 0.000000000000000000e+00
7.953366891916989978e+00 5.472775951981677552e-03 0.000000000000000000e+00
7.995007556268819648e+00 5.501429229214599946e-03 0.000000000000000000e+00
8.036648220620650207e+00 5.530082506447520606e-03 0.000000000000000000e+00
8.078288884972479877e+00 5.558735783680441266e-03 0.000000000000000000e+00
8.119929549324309548e+00 5.587389060913363660e-03 0.000000000000000000e+00
8.161570213676139218e+00 5.616042338146282585e-03 0.000000000000000000e+00
8.203210878027968889e+00 5.644695615379204980e-03 0.000000000000000000e+00
8.244851542379798559e+00 5.673348892612125639e-03 0.000000000000000000e+00
8.286492206731628229e+00 5.702002169845048034e-03 0.000000000000000000e+00
8.328132871083457900e+00 5.730655447077968694e-03 0.000000000000000000e+00
8.369773535435289347e+00 5.759308724310891088e-03 0.000000000000000000e+00
8.411414199787119017e+00 5.787962001543810880e-03 0.000000000000000000e+00
8.453054864138948687e+00 5.816615278776733275e-03 0.000000000000000000e+00
8.494695528490778358e+00 5.845268556009653935e-03 0.000000000000000000e+00
8.536336192842608028e+00 5.873921833242575462e-03 0.000000000000000000e+00
8.577976857194437699e+00 5.902575110475496122e-03 0.000000000000000000e+00
8.619617521546267369e+00 5.931228387708419383e-03 0.000000000000000000e+00
8.661258185898097040e+00 5.959881664941338308e-03 0.000000000000000000e+00
8.702898850249926710e+00 5.988534942174260703e-03 0.000000000000000000e+00
8.744539514601758157e+00 6.017188219407183097e-03 0.000000000000000000e+00
8.786180178953587827e+00 6.045841496640103757e-03 0.000000000000000000e+00
8.827820843305417498e+00 6.074494773873026152e-03 0.000000000000000000e+00
8.869461507657247168e+00 6.103148051105945077e-03 0.000000000000000000e+00
8.911102172009076838e+00 6.131801328338867471e-03 0.000000000000000000e+00
8.952742836360906509e+00 6.160454605571788131e-03 0.000000000000000000e+00
8.994383500712736179e+00 6.189107882804710525e-03 0.000000000000000000e+00
9.036024165064565850e+00 6.217761160037630318e-03 0.000000000000000000e+00
9.077664829416397296e+00 6.246414437270554447e-03 0.000000000000000000e+00
9.119305493768226967e+00 6.275067714503473372e-03 0.000000000000000000e+00
9.160946158120056637e+00 6.303720991736394899e-03 0.000000000000000000e+00
9.202586822471886308e+00 6.332374268969317294e-03 0.000000000000000000e+00
9.244227486823715978e+00 6.361027546202237086e-03 0.000000000000000000e+00
9.285868151175545648e+00 6.389680823435158613e-03 0.000000000000000000e+00
9.327508815527375319e+00 6.418334100668080140e-03 0.000000000000000000e+00
9.369149479879204989e+00 6.446987377900999933e-03 0.000000000000000000e+00
9.410790144231034660e+00 6.475640655133924062e-03 0.000000000000000000e+00
9.452430808582866106e+00 6.504293932366844722e-03 0.000000000000000000e+00
9.494071472934695777e+00 6.532947209599766249e-03 0.000000000000000000e+00
9.535712137286525447e+00 6.561600486832687776e-03 0.000000000000000000e+00
9.577352801638355118e+00 6.590253764065610170e-03 0.000000000000000000e+00
9.618993465990184788e+00 6.618907041298529963e-03 0.000000000000000000e+00
9.660634130342014458e+00 6.647560318531451490e-03 0.000000000000000000e+00
9.702274794693844129e+00 6.676213595764373884e-03 0.000000000000000000e+00
9.743915459045673799e+00 6.704866872997292809e-03 0.000000000000000000e+00
9.785556123397505246e+00 6.733520150230215204e-03 0.000000000000000000e+00
9.827196787749334916e+00 6.762173427463137598e-03 0.000000000000000000e+00
9.868837452101164587e+00 6.790826704696058258e-03 0.000000000000000000e+00
9.910478116452994257e+00 6.819479981928980653e-03 0.000000000000000000e+00
9.952118780804823928e+00 6.848133259161900445e-03 0.000000000000000000e+00
9.993759445156653598e+00 6.876786536394821972e-03 0.000000000000000000e+00
1.003540010950848327e+01 6.905439813627741764e-03 0.000000000000000000e+00
1.007704077386031294e+01 6.934093090860663292e-03 0.000000000000000000e+00
1.011868143821214261e+01 6.962746368093583951e-03 0.000000000000000000e+00
1.016032210256397406e+01 6.991399645326507213e-03 0.000000000000000000e+00
1.020196276691580373e+01 7.020052922559429608e-03 0.000000000000000000e+00
1.024360343126763340e+01 7.048706199792349400e-03 0.000000000000000000e+00
1.028524409561946307e+01 7.077359477025270927e-03 0.000000000000000000e+00
1.032688475997129274e+01 7.106012754258193322e-03 0.000000000000000000e+00
1.036852542432312241e+01 7.134666031491112247e-03 0.000000000000000000e+00
1.041016608867495208e+01 7.163319308724034641e-03 0.000000000000000000e+00
1.045180675302678175e+01 7.191972585956956168e-03 0.000000000000000000e+00
1.049344741737861320e+01 7.220625863189878563e-03 0.000000000000000000e+00
1.053508808173044287e+01 7.249279140422800090e-03 0.000000000000000000e+00
1.057672874608227254e+01 7.277932417655719882e-03 0.000000000000000000e+00
1.061836941043410221e+01 7.306585694888642277e-03 0.000000000000000000e+00
1.066001007478593188e+01 7.335238972121562069e-03 0.000000000000000000e+00
1.070165073913776155e+01 7.363892249354485331e-03 0.000000000000000000e+00
1.074329140348959122e+01 7.392545526587403389e-03 0.000000000000000000e+00
1.078493206784142089e+01 7.421198803820326650e-03 0.000000000000000000e+00
1.082657273219325056e+01 7.449852081053247310e-03 0.000000000000000000e+00
1.086821339654508201e+01 7.478505358286170572e-03 0.000000000000000000e+00
1.090985406089691168e+01 7.507158635519090364e-03 0.000000000000000000e+00
1.095149472524874135e+01 7.535811912752012759e-03 0.000000000000000000e+00
1.099313538960057102e+01 7.564465189984934286e-03 0.000000000000000000e+00
1.103477605395240069e+01 7.593118467217854946e-03 0.000000000000000000e+00
1.107641671830423036e+01 7.621771744450775606e-03 0.000000000000000000e+00
1.111805738265606003e+01 7.650425021683696265e-03 0.000000000000000000e+00
1.115969804700788970e+01 7.679078298916617792e-03 0.000000000000000000e+00
1.120133871135972115e+01 7.707731576149541922e-03 0.000000000000000000e+00
1.124297937571155082e+01 7.736384853382463449e-03 0.000000000000000000e+00
1.128462004006338049e+01 7.765038130615381506e-03 0.000000000000000000e+00
1.132626070441521016e+01 7.793691407848305636e-03 0.000000000000000000e+00
1.136790136876703983e+01 7.822344685081226295e-03 0.000000000000000000e+00
1.140954203311886950e+01 7.850997962314145220e-03 0.000000000000000000e+00
1.145118269747069917e+01 7.879651239547067615e-03 0.000000000000000000e+00
1.149282336182252884e+01 7.908304516779990009e-03 0.000000000000000000e+00
1.153446402617435851e+01 7.936957794012908934e-03 0.000000000000000000e+00
1.157610469052618996e+01 7.965611071245831329e-03 0.000000000000000000e+00
1.161774535487801963e+01 7.994264348478751989e-03 0.000000000000000000e+00
1.165938601922984930e+01 8.022917625711674383e-03 0.000000000000000000e+00
1.170102668358167897e+01 8.051570902944596778e-03 0.000000000000000000e+00
1.174266734793350864e+01 8.080224180177519172e-03 0.000000000000000000e+00
1.178430801228533831e+01 8.108877457410438097e-03 0.000000000000000000e+00
1.182594867663716798e+01 8.137530734643360492e-03 0.000000000000000000e+00
1.186758934098899765e+01 8.166184011876281151e-03 0.000000000000000000e+00
1.190923000534082909e+01 8.194837289109203546e-03 0.000000000000000000e+00
1.195087066969265877e+01 8.223490566342125940e-03 0.000000000000000000e+00
1.199251133404448844e+01 8.252143843575044865e-03 0.000000000000000000e+00
1.203415199839631811e+01 8.280797120807965525e-03 0.000000000000000000e+00
1.207579266274814778e+01 8.309450398040887920e-03 0.000000000000000000e+00
1.211743332709997745e+01 8.338103675273808579e-03 0.000000000000000000e+00
1.215907399145180712e+01 8.366756952506730974e-03 0.000000000000000000e+00
1.220071465580363679e+01 8.395410229739649899e-03 0.000000000000000000e+00
1.224235532015546646e+01 8.424063506972572293e-03 0.000000000000000000e+00
1.228399598450729790e+01 8.452716784205494688e-03 0.000000000000000000e+00
1.232563664885912758e+01 8.481370061438415348e-03 0.000000000000000000e+00
1.236727731321095725e+01 8.510023338671336007e-03 0.000000000000000000e+00
1.240891797756278692e+01 8.538676615904258402e-03 0.000000000000000000e+00
1.245055864191461659e+01 8.567329893137179062e-03 0.000000000000000000e+00
1.249219930626644626e+01 8.595983170370099721e-03 0.000000000000000000e+00
1.253383997061827593e+01 8.624636447603022116e-03 0.000000000000000000e+00
1.257548063497010560e+01 8.653289724835944510e-03 0.000000000000000000e+00
1.261712129932193704e+01 8.681943002068865170e-03 0.000000000000000000e+00
1.265876196367376672e+01 8.710596279301787564e-03 0.000000000000000000e+00
1.270040262802559639e+01 8.739249556534708224e-03 0.000000000000000000e+00
1.274204329237742606e+01 8.767902833767628884e-03 0.000000000000000000e+00
1.278368395672925573e+01 8.796556111000549544e-03 0.000000000000000000e+00
1.282532462108108540e+01 8.825209388233471938e-03 0.000000000000000000e+00
1.286696528543291507e+01 8.853862665466394333e-03 0.000000000000000000e+00
1.290860594978474474e+01 8.882515942699313258e-03 0.000000000000000000e+00
1.295024661413657441e+01 8.911169219932233918e-03 0.000000000000000000e+00
1.299188727848840585e+01 8.939822497165156312e-03 0.000000000000000000e+00
1.303352794284023553e+01 8.968475774398076972e-03 0.000000000000000000e+00
1.307516860719206520e+01 8.997129051630999366e-03 0.000000000000000000e+00
1.311680927154389487e+01 9.025782328863920026e-03 0.000000000000000000e+00
1.315844993589572454e+01 9.054435606096840686e-03 0.000000000000000000e+00
1.320009060024755421e+01 9.083088883329763080e-03 0.000000000000000000e+00
1.324173126459938388e+01 9.111742160562683740e-03 0.000000000000000000e+00
1.328337192895121355e+01 9.140395437795604400e-03 0.000000000000000000e+00
1.332501259330304499e+01 9.169048715028528529e-03 0.000000000000000000e+00
1.336665325765487466e+01 9.197701992261450923e-03 0.000000000000000000e+00
1.340829392200670434e+01 9.226355269494371583e-03 0.000000000000000000e+00
1.344993458635853401e+01 9.255008546727290508e-03 0.000000000000000000e+00
1.349157525071036368e+01 9.283661823960212903e-03 0.000000000000000000e+00
1.353321591506219335e+01 9.312315101193133562e-03 0.000000000000000000e+00
1.357485657941402302e+01 9.340968378426055957e-03 0.000000000000000000e+00
1.361649724376585269e+01 9.369621655658974882e-03 0.000000000000000000e+00
1.365813790811768236e+01 9.398274932891897276e-03 0.000000000000000000e+00
1.369977857246951380e+01 9.426928210124817936e-03 0.000000000000000000e+00
1.374141923682134347e+01 9.455581487357738596e-03 0.000000000000000000e+00
1.378305990117317315e+01 9.484234764590660990e-03 0.000000000000000000e+00
1.382470056552500282e+01 9.512888041823583385e-03 0.000000000000000000e+00
1.386634122987683249e+01 9.541541319056504045e-03 0.000000000000000000e+00
1.390798189422866216e+01 9.570194596289424704e-03 0.000000000000000000e+00
1.394962255858049183e+01 9.598847873522347099e-03 0.000000000000000000e+00
1.399126322293232150e+01 9.627501150755267759e-03 0.000000000000000000e+00
1.403290388728415117e+01 9.656154427988188418e-03 0.000000000000000000e+00
1.407454455163598261e+01 9.684807705221112548e-03 0.000000000000000000e+00
1.411618521598781228e+01 9.713460982454033207e-03 0.000000000000000000e+00
1.415782588033964196e+01 9.742114259686953867e-03 0.000000000000000000e+00
1.419946654469147163e+01 9.770767536919876262e-03 0.000000000000000000e+00
1.424110720904330130e+01 9.799420814152796921e-03 0.000000000000000000e+00
1.428274787339513097e+01 9.828074091385717581e-03 0.000000000000000000e+00
1.432438853774696064e+01 9.856727368618636506e-03 0.000000000000000000e+00
1.436602920209879031e+01 9.885380645851558901e-03 0.000000000000000000e+00
1.440766986645062175e+01 9.914033923084481295e-03 0.000000000000000000e+00
1.444931053080245142e+01 9.942687200317401955e-03 0.000000000000000000e+00
1.449095119515428109e+01 9.971340477550326084e-03 0.000000000000000000e+00
1.453259185950611077e+01 9.999993754783245009e-03 0.000000000000000000e+00
1.457423252385794044e+01 1.002864703201616567e-02 0.000000000000000000e+00
1.461587318820977011e+01 1.005730030924908980e-02 0.000000000000000000e+00
1.465751385256159978e+01 1.008595358648200872e-02 0.000000000000000000e+00
1.469915451691342945e+01 1.011460686371493112e-02 0.000000000000000000e+00
1.474079518126525912e+01 1.014326014094784831e-02 0.000000000000000000e+00
1.478243584561709056e+01 1.017191341818077244e-02 0.000000000000000000e+00
1.482407650996892023e+01 1.020056669541369483e-02 0.000000000000000000e+00
1.486571717432074990e+01 1.022921997264661723e-02 0.000000000000000000e+00
1.490735783867257958e+01 1.025787324987953615e-02 0.000000000000000000e+00
1.494899850302440925e+01 1.028652652711246028e-02 0.000000000000000000e+00
1.499063916737623892e+01 1.031517980434538094e-02 0.000000000000000000e+00
1.503227983172806859e+01 1.034383308157829987e-02 0.000000000000000000e+00
1.507392049607989826e+01 1.037248635881121879e-02 0.000000000000000000e+00
1.511556116043172970e+01 1.040113963604414118e-02 0.000000000000000000e+00
1.515720182478355937e+01 1.042979291327706358e-02 0.000000000000000000e+00
1.519884248913538904e+01 1.045844619050998771e-02 0.000000000000000000e+00
1.524048315348721871e+01 1.048709946774290837e-02 0.000000000000000000e+00
1.528212381783904839e+01 1.051575274497582903e-02 0.000000000000000000e+00
1.532376448219087806e+01 1.054440602220874969e-02 0.000000000000000000e+00
1.536540514654270773e+01 1.057305929944167208e-02 0.000000000000000000e+00
1.540704581089453740e+01 1.060171257667459274e-02 0.000000000000000000e+00
1.544868647524636707e+01 1.063036585390751167e-02 0.000000000000000000e+00
1.549032713959819851e+01 1.065901913114043580e-02 0.000000000000000000e+00
1.553196780395002818e+01 1.068767240837335646e-02 0.000000000000000000e+00
1.557360846830185785e+01 1.071632568560628058e-02 0.000000000000000000e+00
1.561524913265368752e+01 1.074497896283919951e-02 0.000000000000000000e+00
1.565688979700551720e+01 1.077363224007212017e-02 0.000000000000000000e+00
1.569853046135734687e+01 1.080228551730504430e-02 0.000000000000000000e+00
1.574017112570917654e+01 1.083093879453796149e-02 0.000000000000000000e+00
1.578181179006100621e+01 1.085959207177088215e-02 0.000000000000000000e+00
1.582345245441283765e+01 1.088824534900380454e-02 0.000000000000000000e+00
1.586509311876466732e+01 1.091689862623672520e-02 0.000000000000000000e+00
1.590673378311649699e+01 1.094555190346965107e-02 0.000000000000000000e+00
1.594837444746832666e+01 1.097420518070257173e-02 0.000000000000000000e+00
1.599001511182015633e+01 1.100285845793549239e-02 0.000000000000000000e+00
1.603165577617198423e+01 1.103151173516841131e-02 0.000000000000000000e+00
1.607329644052381568e+01 1.106016501240133544e-02 0.000000000000000000e+00
1.611493710487564357e+01 1.108881828963425263e-02 0.000000000000000000e+00
1.615657776922747502e+01 1.111747156686717503e-02 0.000000000000000000e+00
1.619821843357930291e+01 1.114612484410009742e-02 0.000000000000000000e+00
1.623985909793113436e+01 1.117477812133301981e-02 0.000000000000000000e+00
1.628149976228296225e+01 1.120343139856593874e-02 0.000000000000000000e+00
1.632314042663479370e+01 1.123208467579886113e-02 0.000000000000000000e+00
1.636478109098662514e+01 1.126073795303178353e-02 0.000000000000000000e+00
1.640642175533845304e+01 1.128939123026470245e-02 0.000000000000000000e+00
1.644806241969028449e+01 1.131804450749762485e-02 0.000000000000000000e+00
1.648970308404211238e+01 1.134669778473054377e-02 0.000000000000000000e+00
1.653134374839394383e+01 1.137535106196346790e-02 0.000000000000000000e+00
1.657298441274577172e+01 1.140400433919638856e-02 0.000000000000000000e+00
1.661462507709760317e+01 1.143265761642930922e-02 0.000000000000000000e+00
1.665626574144943106e+01 1.146131089366222988e-02 0.000000000000000000e+00
1.669790640580126251e+01 1.148996417089515228e-02 0.000000000000000000e+00
1.673954707015309396e+01 1.151861744812807467e-02 0.000000000000000000e+00
1.678118773450492185e+01 1.154727072536099360e-02 0.000000000000000000e+00
1.682282839885675330e+01 1.157592400259391946e-02 0.000000000000000000e+00
1.686446906320858119e+01 1.160457727982683665e-02 0.000000000000000000e+00
1.690610972756041264e+01 1.163323055705975731e-02 0.000000000000000000e+00
1.694775039191224053e+01 1.166188383429267970e-02 0.000000000000000000e+00
1.698939105626407198e+01 1.169053711152560210e-02 0.000000000000000000e+00
1.703103172061589987e+01 1.171919038875852449e-02 0.000000000000000000e+00
1.707267238496773132e+01 1.174784366599144342e-02 0.000000000000000000e+00
1.711431304931956277e+01 1.177649694322436928e-02 0.000000000000000000e+00
1.715595371367139066e+01 1.180515022045728821e-02 0.000000000000000000e+00
1.719759437802322211e+01 1.183380349769020713e-02 0.000000000000000000e+00
1.723923504237505000e+01 1.186245677492312953e-02 0.000000000000000000e+00
1.728087570672688145e+01 1.189111005215605192e-02 0.000000000000000000e+00
1.732251637107870934e+01 1.191976332938897085e-02 0.000000000000000000e+00
1.736415703543054079e+01 1.194841660662189498e-02 0.000000000000000000e+00
1.740579769978236868e+01 1.197706988385481217e-02 0.000000000000000000e+00
1.744743836413420013e+01 1.200572316108773629e-02 0.000000000000000000e+00
1.748907902848603158e+01 1.203437643832065869e-02 0.000000000000000000e+00
1.753071969283785947e+01 1.206302971555357935e-02 0.000000000000000000e+00
1.757236035718969092e+01 1.209168299278650001e-02 0.000000000000000000e+00
1.761400102154151881e+01 1.212033627001942067e-02 0.000000000000000000e+00
1.765564168589335026e+01 1.214898954725234306e-02 0.000000000000000000e+00
1.769728235024517815e+01 1.217764282448526372e-02 0.000000000000000000e+00
1.773892301459700960e+01 1.220629610171818438e-02 0.000000000000000000e+00
1.778056367894884104e+01 1.223494937895110851e-02 0.000000000000000000e+00
1.782220434330066894e+01 1.226360265618402744e-02 0.000000000000000000e+00
1.786384500765250039e+01 1.229225593341694983e-02 0.000000000000000000e+00
1.790548567200432828e+01 1.232090921064986876e-02 0.000000000000000000e+00
1.794712633635615973e+01 1.234956248788279289e-02 0.000000000000000000e+00
1.798876700070798762e+01 1.237821576511571181e-02 0.000000000000000000e+00
1.803040766505981907e+01 1.240686904234863421e-02 0.000000000000000000e+00
1.807204832941164696e+01 1.243552231958155660e-02 0.000000000000000000e+00
1.811368899376347841e+01 1.246417559681447726e-02 0.000000000000000000e+00
1.815532965811530985e+01 1.249282887404739965e-02 0.000000000000000000e+00
1.819697032246713775e+01 1.252148215128032031e-02 0.000000000000000000e+00
1.823861098681896920e+01 1.255013542851324097e-02 0.000000000000000000e+00
1.828025165117079709e+01 1.257878870574616337e-02 0.000000000000000000e+00
1.832189231552262854e+01 1.260744198297908403e-02 0.000000000000000000e+00
1.836353297987445643e+01 1.263609526021200469e-02 0.000000000000000000e+00
1.840517364422628788e+01 1.266474853744492882e-02 0.000000000000000000e+00
1.844681430857811577e+01 1.269340181467784774e-02 0.000000000000000000e+00
1.848845497292994722e+01 1.272205509191076840e-02 0.000000000000000000e+00
1.853009563728177866e+01 1.275070836914369253e-02 0.000000000000000000e+00
1.857173630163360656e+01 1.277936164637661146e-02 0.000000000000000000e+00
1.861337696598543801e+01 1.280801492360953385e-02 0.000000000000000000e+00
1.865501763033726590e+01 1.283666820084245451e-02 0.000000000000000000e+00
1.869665829468909735e+01 1.286532147807537517e-02 0.000000000000000000e+00
1.873829895904092524e+01 1.289397475530829756e-02 0.000000000000000000e+00
1.877993962339275669e+01 1.292262803254121822e-02 0.000000000000000000e+00
1.882158028774458458e+01 1.295128130977413715e-02 0.000000000000000000e+00
1.886322095209641603e+01 1.297993458700706128e-02 0.000000000000000000e+00
1.890486161644824747e+01 1.300858786423998541e-02 0.000000000000000000e+00
1.894650228080007537e+01 1.303724114147290260e-02 0.000000000000000000e+00
1.898814294515190682e+01 1.306589441870582152e-02 0.000000000000000000e+00
1.902978360950373471e+01 1.309454769593874912e-02 0.000000000000000000e+00
1.907142427385556616e+01 1.312320097317166805e-02 0.000000000000000000e+00
1.911306493820739405e+01 1.315185425040458871e-02 0.000000000000000000e+00
1.915470560255922550e+01 1.318050752763751284e-02 0.000000000000000000e+00
1.919634626691105694e+01 1.320916080487043176e-02 0.000000000000000000e+00
1.923798693126288484e+01 1.323781408210335589e-02 0.000000000000000000e+00
1.927962759561471628e+01 1.326646735933627655e-02 0.000000000000000000e+00
1.932126825996654418e+01 1.329512063656919547e-02 0.000000000000000000e+00
1.936290892431837563e+01 1.332377391380211960e-02 0.000000000000000000e+00
1.940454958867020352e+01 1.335242719103503679e-02 0.000000000000000000e+00
1.944619025302203497e+01 1.338108046826795919e-02 0.000000000000000000e+00
1.948783091737386286e+01 1.340973374550087985e-02 0.000000000000000000e+00
1.952947158172569431e+01 1.343838702273380398e-02 0.000000000000000000e+00
1.957111224607752575e+01 1.346704029996672464e-02 0.000000000000000000e+00
1.961275291042935365e+01 1.349569357719964356e-02 0.000000000000000000e+00
1.965439357478118509e+01 1.352434685443256769e-02 0.000000000000000000e+00
1.969603423913301299e+01 1.355300013166548662e-02 0.000000000000000000e+00
1.973767490348484444e+01 1.358165340889840728e-02 0.000000000000000000e+00
1.977931556783667233e+01 1.361030668613132620e-02 0.000000000000000000e+00
1.982095623218850378e+01 1.363895996336425033e-02 0.000000000000000000e+00
1.986259689654033167e+01 1.366761324059717099e-02 0.000000000000000000e+00
1.990423756089216312e+01 1.369626651783009338e-02 0.000000000000000000e+00
1.994587822524399456e+01 1.372491979506301751e-02 0.000000000000000000e+00
1.998751888959582246e+01 1.375357307229593644e-02 0.000000000000000000e+00
2.002915955394765390e+01 1.378222634952885883e-02 0.000000000000000000e+00
2.007080021829948180e+01 1.381087962676177776e-02 0.000000000000000000e+00
2.011244088265131325e+01 1.383953290399470015e-02 0.000000000000000000e+00
2.015408154700314114e+01 1.386818618122761734e-02 0.000000000000000000e+00
2.019572221135497259e+01 1.389683945846054147e-02 0.000000000000000000e+00
2.023736287570680048e+01 1.392549273569346040e-02 0.000000000000000000e+00
2.027900354005863193e+01 1.395414601292638800e-02 0.000000000000000000e+00
2.032064420441046337e+01 1.398279929015930519e-02 0.000000000000000000e+00
2.036228486876229127e+01 1.401145256739222411e-02 0.000000000000000000e+00
2.040392553311412271e+01 1.404010584462514824e-02 0.000000000000000000e+00
2.044556619746595061e+01 1.406875912185807063e-02 0.000000000000000000e+00
2.048720686181778206e+01 1.409741239909099129e-02 0.000000000000000000e+00
2.052884752616960995e+01 1.412606567632391195e-02 0.000000000000000000e+00
2.057048819052144140e+01 1.415471895355683608e-02 0.000000000000000000e+00
2.061212885487327284e+01 1.418337223078975848e-02 0.000000000000000000e+00
2.065376951922510074e+01 1.421202550802267914e-02 0.000000000000000000e+00
2.069541018357693218e+01 1.424067878525559980e-02 0.000000000000000000e+00
2.073705084792876008e+01 1.426933206248851872e-02 0.000000000000000000e+00
2.077869151228059152e+01 1.429798533972144632e-02 0.000000000000000000e+00
2.082033217663241942e+01 1.432663861695436178e-02 0.000000000000000000e+00
2.086197284098425087e+01 1.435529189418728244e-02 0.000000000000000000e+00
2.090361350533607876e+01 1.438394517142020483e-02 0.000000000000000000e+00
2.094525416968791021e+01 1.441259844865312896e-02 0.000000000000000000e+00
2.098689483403974165e+01 1.444125172588604962e-02 0.000000000000000000e+00
2.102853549839156955e+01 1.446990500311897028e-02 0.000000000000000000e+00
2.107017616274340099e+01 1.449855828035189267e-02 0.000000000000000000e+00
2.111181682709522889e+01 1.452721155758480986e-02 0.000000000000000000e+00
2.115345749144706033e+01 1.455586483481773399e-02 0.000000000000000000e+00
2.119509815579888823e+01 1.458451811205065292e-02 0.000000000000000000e+00
2.123673882015071968e+01 1.461317138928357358e-02 0.000000000000000000e+00
2.127837948450254757e+01 1.464182466651649771e-02 0.000000000000000000e+00
2.132002014885437902e+01 1.467047794374942010e-02 0.000000000000000000e+00
2.136166081320621046e+01 1.469913122098234423e-02 0.000000000000000000e+00
2.140330147755803836e+01 1.472778449821526316e-02 0.000000000000000000e+00
2.144494214190986980e+01 1.475643777544818382e-02 0.000000000000000000e+00
2.148658280626169770e+01 1.478509105268109927e-02 0.000000000000000000e+00
2.152822347061352914e+01 1.481374432991402687e-02 0.000000000000000000e+00
2.156986413496535704e+01 1.484239760714694406e-02 0.000000000000000000e+00
2.161150479931718849e+01 1.487105088437986819e-02 0.000000000000000000e+00
2.165314546366901638e+01 1.489970416161278711e-02 0.000000000000000000e+00
2.169478612802084783e+01 1.492835743884571124e-02 0.000000000000000000e+00
2.173642679237267927e+01 1.495701071607863190e-02 0.000000000000000000e+00
2.177806745672450717e+01 1.498566399331155083e-02 0.000000000000000000e+00
2.181970812107633861e+01 1.501431727054447496e-02 0.000000000000000000e+00
2.186134878542816651e+01 1.504297054777739388e-02 0.000000000000000000e+00
2.190298944977999795e+01 1.507162382501031454e-02 0.000000000000000000e+00
2.194463011413182585e+01 1.510027710224323867e-02 0.000000000000000000e+00
2.198627077848365730e+01 1.512893037947615760e-02 0.000000000000000000e+00
2.202791144283548519e+01 1.515758365670907826e-02 0.000000000000000000e+00
2.206955210718731664e+01 1.518623693394200239e-02 0.000000000000000000e+00
2.211119277153914808e+01 1.521489021117492652e-02 0.000000000000000000e+00
2.215283343589097598e+01 1.524354348840784544e-02 0.000000000000000000e+00
2.219447410024280742e+01 1.527219676564076610e-02 0.000000000000000000e+00
2.223611476459463532e+01 1.530085004287368503e-02 0.000000000000000000e+00
2.227775542894646676e+01 1.532950332010660915e-02 0.000000000000000000e+00
2.231939609329829466e+01 1.535815659733953155e-02 0.000000000000000000e+00
2.236103675765012611e+01 1.538680987457245394e-02 0.000000000000000000e+00
2.240267742200195755e+01 1.541546315180537634e-02 0.000000000000000000e+00
2.244431808635378545e+01 1.544411642903829526e-02 0.000000000000000000e+00
2.248595875070561689e+01 1.547276970627121939e-02 0.000000000000000000e+00
2.252759941505744479e+01 1.550142298350413658e-02 0.000000000000000000e+00
2.256924007940927623e+01 1.553007626073705898e-02 0.000000000000000000e+00
2.261088074376110413e+01 1.555872953796997617e-02 0.000000000000000000e+00
2.265252140811293557e+01 1.558738281520290030e-02 0.000000000000000000e+00
2.269416207246476347e+01 1.561603609243582269e-02 0.000000000000000000e+00
2.273580273681659492e+01 1.564468936966874335e-02 0.000000000000000000e+00
2.277744340116842636e+01 1.567334264690166748e-02 0.000000000000000000e+00
2.281908406552025426e+01 1.570199592413458467e-02 0.000000000000000000e+00
2.286072472987208570e+01 1.573064920136750880e-02 0.000000000000000000e+00
2.290236539422391360e+01 1.575930247860042599e-02 0.000000000000000000e+00
2.294400605857574504e+01 1.578795575583335012e-02 0.000000000000000000e+00
2.298564672292757294e+01 1.581660903306626731e-02 0.000000000000000000e+00
2.302728738727940438e+01 1.584526231029919144e-02 0.000000000000000000e+00
2.306892805163123228e+01 1.587391558753211557e-02 0.000000000000000000e+00
2.311056871598306373e+01 1.590256886476503623e-02 0.000000000000000000e+00
2.315220938033489517e+01 1.593122214199796036e-02 0.000000000000000000e+00
2.319385004468672307e+01 1.595987541923087755e-02 0.000000000000000000e+00
2.323549070903855451e+01 1.598852869646379474e-02 0.000000000000000000e+00
2.327713137339038241e+01 1.601718197369671887e-02 0.000000000000000000e+00
2.331877203774221385e+01 1.604583525092964300e-02 0.000000000000000000e+00
2.336041270209404175e+01 1.607448852816256019e-02 0.000000000000000000e+00
2.340205336644587319e+01 1.610314180539548432e-02 0.000000000000000000e+00
2.344369403079770109e+01 1.613179508262840497e-02 0.000000000000000000e+00
2.348533469514953254e+01 1.616044835986132563e-02 0.000000000000000000e+00
2.352697535950136398e+01 1.618910163709424976e-02 0.000000000000000000e+00
2.356861602385319188e+01 1.621775491432717042e-02 0.000000000000000000e+00
2.361025668820502332e+01 1.624640819156009108e-02 0.000000000000000000e+00
2.365189735255685122e+01 1.627506146879301174e-02 0.000000000000000000e+00
2.369353801690868266e+01 1.630371474602593240e-02 0.000000000000000000e+00
2.373517868126051056e+01 1.633236802325885306e-02 0.000000000000000000e+00
2.377681934561234200e+01 1.636102130049177719e-02 0.000000000000000000e+00
2.381846000996417345e+01 1.638967457772470132e-02 0.000000000000000000e+00
2.386010067431600135e+01 1.641832785495761851e-02 0.000000000000000000e+00
2.390174133866783279e+01 1.644698113219054264e-02 0.000000000000000000e+00
2.394338200301966069e+01 1.647563440942345983e-02 0.000000000000000000e+00
2.398502266737149213e+01 1.650428768665638396e-02 0.000000000000000000e+00
2.402666333172332003e+01 1.653294096388930115e-02 0.000000000000000000e+00
2.406830399607515147e+01 1.656159424112222528e-02 0.000000000000000000e+00
2.410994466042697937e+01 1.659024751835514594e-02 0.000000000000000000e+00
2.415158532477881081e+01 1.661890079558807007e-02 0.000000000000000000e+00
2.419322598913064226e+01 1.664755407282099073e-02 0.000000000000000000e+00
2.423486665348247016e+01 1.667620735005391139e-02 0.000000000000000000e+00
2.427650731783430160e+01 1.670486062728683552e-02 0.000000000000000000e+00
2.431814798218612950e+01 1.673351390451975271e-02 0.000000000000000000e+00
2.435978864653796094e+01 1.676216718175267684e-02 0.000000000000000000e+00
2.440142931088978884e+01 1.679082045898559403e-02 0.000000000000000000e+00
2.444306997524162028e+01 1.681947373621851816e-02 0.000000000000000000e+00
2.448471063959344818e+01 1.684812701345143882e-02 0.000000000000000000e+00
2.452635130394527962e+01 1.687678029068436295e-02 0.000000000000000000e+00
2.456799196829711107e+01 1.690543356791728360e-02 0.000000000000000000e+00
2.460963263264893897e+01 1.693408684515020080e-02 0.000000000000000000e+00
2.465127329700077041e+01 1.696274012238312145e-02 0.000000000000000000e+00
2.469291396135259831e+01 1.699139339961604558e-02 0.000000000000000000e+00
2.473455462570442975e+01 1.702004667684896624e-02 0.000000000000000000e+00
2.477619529005625765e+01 1.704869995408188690e-02 0.000000000000000000e+00
2.481783595440808909e+01 1.707735323131480756e-02 0.000000000000000000e+00
2.485947661875991699e+01 1.710600650854772822e-02 0.000000000000000000e+00
2.490111728311174843e+01 1.713465978578065235e-02 0.000000000000000000e+00
2.494275794746357988e+01 1.716331306301357301e-02 0.000000000000000000e+00
2.498439861181540778e+01 1.719196634024649367e-02 0.000000000000000000e+00
2.502603927616723922e+01 1.722061961747941780e-02 0.000000000000000000e+00
2.506767994051906712e+01 1.724927289471233499e-02 0.000000000000000000e+00
2.510932060487089856e+01 1.727792617194525565e-02 0.000000000000000000e+00
2.515096126922272646e+01 1.730657944917817978e-02 0.000000000000000000e+00
2.519260193357455790e+01 1.733523272641110044e-02 0.000000000000000000e+00
2.523424259792638935e+01 1.736388600364402804e-02 0.000000000000000000e+00
2.527588326227821725e+01 1.739253928087694523e-02 0.000000000000000000e+00
2.531752392663004869e+01 1.742119255810986936e-02 0.000000000000000000e+00
2.535916459098187659e+01 1.744984583534278655e-02 0.000000000000000000e+00
2.540080525533370803e+01 1.747849911257571068e-02 0.000000000000000000e+00
2.544244591968553593e+01 1.750715238980862787e-02 0.000000000000000000e+00
2.548408658403736737e+01 1.753580566704154506e-02 0.000000000000000000e+00
2.552572724838919527e+01 1.756445894427446919e-02 0.000000000000000000e+00
2.556736791274102671e+01 1.759311222150739332e-02 0.000000000000000000e+00
2.560900857709285816e+01 1.762176549874031745e-02 0.000000000000000000e+00
2.565064924144468606e+01 1.765041877597323811e-02 0.000000000000000000e+00
2.569228990579651750e+01 1.767907205320616223e-02 0.000000000000000000e+00
2.573393057014834540e+01 1.770772533043907943e-02 0.000000000000000000e+00
2.577557123450017684e+01 1.773637860767199662e-02 0.000000000000000000e+00
2.581721189885200474e+01 1.776503188490491728e-02 0.000000000000000000e+00
2.585885256320383618e+01 1.779368516213784140e-02 0.000000000000000000e+00
2.590049322755566408e+01 1.782233843937076206e-02 0.000000000000000000e+00
2.594213389190749552e+01 1.785099171660368619e-02 0.000000000000000000e+00
2.598377455625932697e+01 1.787964499383660338e-02 0.000000000000000000e+00
2.602541522061115487e+01 1.790829827106953098e-02 0.000000000000000000e+00
2.606705588496298631e+01 1.793695154830244817e-02 0.000000000000000000e+00
2.610869654931481421e+01 1.796560482553536883e-02 0.000000000000000000e+00
2.615033721366664565e+01 1.799425810276829296e-02 0.000000000000000000e+00
2.619197787801847355e+01 1.802291138000121362e-02 0.000000000000000000e+00
2.623361854237030499e+01 1.805156465723413081e-02 0.000000000000000000e+00
2.627525920672213289e+01 1.808021793446705494e-02 0.000000000000000000e+00
2.631689987107396433e+01 1.810887121169997907e-02 0.000000000000000000e+00
2.635854053542579578e+01 1.813752448893289973e-02 0.000000000000000000e+00
2.640018119977762368e+01 1.816617776616582039e-02 0.000000000000000000e+00
2.644182186412945512e+01 1.819483104339874105e-02 0.000000000000000000e+00
2.648346252848128302e+01 1.822348432063166171e-02 0.000000000000000000e+00
2.652510319283311446e+01 1.825213759786458237e-02 0.000000000000000000e+00
2.656674385718494236e+01 1.828079087509750650e-02 0.000000000000000000e+00
2.660838452153677380e+01 1.830944415233042716e-02 0.000000000000000000e+00
2.665002518588860525e+01 1.833809742956334782e-02 0.000000000000000000e+00
2.669166585024043314e+01 1.836675070679626848e-02 0.000000000000000000e+00
2.673330651459226459e+01 1.839540398402919261e-02 0.000000000000000000e+00
2.677494717894409249e+01 1.842405726126211327e-02 0.000000000000000000e+00
2.681658784329592393e+01 1.845271053849503393e-02 0.000000000000000000e+00
2.685822850764775183e+01 1.848136381572795459e-02 0.000000000000000000e+00
2.689986917199958327e+01 1.851001709296087178e-02 0.000000000000000000e+00
2.694150983635141117e+01 1.853867037019379591e-02 0.000000000000000000e+00
2.698315050070324261e+01 1.856732364742671657e-02 0.000000000000000000e+00
2.702479116505507406e+01 1.859597692465964069e-02 0.000000000000000000e+00
2.706643182940690195e+01 1.862463020189256135e-02 0.000000000000000000e+00
2.710807249375873340e+01 1.865328347912548895e-02 0.000000000000000000e+00
2.714971315811056130e+01 1.868193675635840614e-02 0.000000000000000000e+00
2.719135382246239274e+01 1.871059003359132333e-02 0.000000000000000000e+00
2.723299448681422064e+01 1.873924331082424052e-02 0.000000000000000000e+00
2.727463515116605208e+01 1.876789658805716812e-02 0.000000000000000000e+00
2.731627581551787998e+01 1.879654986529008531e-02 0.000000000000000000e+00
2.735791647986971142e+01 1.882520314252300597e-02 0.000000000000000000e+00
2.739955714422154287e+01 1.885385641975593010e-02 0.000000000000000000e+00
2.744119780857337076e+01 1.888250969698885076e-02 0.000000000000000000e+00
2.748283847292520221e+01 1.891116297422177489e-02 0.000000000000000000e+00
2.752447913727703011e+01 1.893981625145469555e-02 0.000000000000000000e+00
2.756611980162886155e+01 1.896846952868761621e-02 0.000000000000000000e+00
2.760776046598068945e+01 1.899712280592053687e-02 0.000000000000000000e+00
2.764940113033252089e+01 1.902577608315345753e-02 0.000000000000000000e+00
2.769104179468434879e+01 1.905442936038638166e-02 0.000000000000000000e+00
2.773268245903618023e+01 1.908308263761930232e-02 0.000000000000000000e+00
2.777432312338801168e+01 1.911173591485222298e-02 0.000000000000000000e+00
2.781596378773983957e+01 1.914038919208514364e-02 0.000000000000000000e+00
2.785760445209167102e+01 1.916904246931806430e-02 0.000000000000000000e+00
2.789924511644349892e+01 1.919769574655098496e-02 0.000000000000000000e+00
2.794088578079533036e+01 1.922634902378390909e-02 0.000000000000000000e+00
2.798252644514715826e+01 1.925500230101682975e-02 0.000000000000000000e+00
2.802416710949898970e+01 1.928365557824974694e-02 0.000000000000000000e+00
2.806580777385081760e+01 1.931230885548267107e-02 0.000000000000000000e+00
2.810744843820264904e+01 1.934096213271559173e-02 0.000000000000000000e+00
2.814908910255448049e+01 1.936961540994851586e-02 0.000000000000000000e+00
2.819072976690630838e+01 1.939826868718143651e-02 0.000000000000000000e+00
2.823237043125813983e+01 1.942692196441435717e-02 0.000000000000000000e+00
2.827401109560996773e+01 1.945557524164728130e-02 0.000000000000000000e+00
2.831565175996179917e+01 1.948422851888019849e-02 0.000000000000000000e+00
2.835729242431362707e+01 1.951288179611311915e-02 0.000000000000000000e+00
2.839893308866545851e+01 1.954153507334604328e-02 0.000000000000000000e+00
2.844057375301728996e+01 1.957018835057896394e-02 0.000000000000000000e+00
2.848221441736911785e+01 1.959884162781188113e-02 0.000000000000000000e+00
2.852385508172094930e+01 1.962749490504480873e-02 0.000000000000000000e+00
2.856549574607277719e+01 1.965614818227772592e-02 0.000000000000000000e+00
2.860713641042460864e+01 1.968480145951065005e-02 0.000000000000000000e+00
2.864877707477643654e+01 1.971345473674357071e-02 0.000000000000000000e+00
2.869041773912826798e+01 1.974210801397649137e-02 0.000000000000000000e+00
2.873205840348009588e+01 1.977076129120940856e-02 0.000000000000000000e+00
2.877369906783192732e+01 1.979941456844233616e-02 0.000000000000000000e+00
2.881533973218375877e+01 1.982806784567526029e-02 0.000000000000000000e+00
2.885698039653558666e+01 1.985672112290817748e-02 0.000000000000000000e+00
2.889862106088741811e+01 1.988537440014109814e-02 0.000000000000000000e+00
2.894026172523924600e+01 1.991402767737401533e-02 0.000000000000000000e+00
2.898190238959107745e+01 1.994268095460694293e-02 0.000000000000000000e+00
2.902354305394290535e+01 1.997133423183986012e-02 0.000000000000000000e+00
2.906518371829473679e+01 1.999998750907278425e-02 0.000000000000000000e+00
2.910682438264656469e+01 2.002864078630570491e-02 0.000000000000000000e+00
2.914846504699839613e+01 2.005729406353862557e-02 0.000000000000000000e+00
2.919010571135022758e+01 2.008594734077154623e-02 0.000000000000000000e+00
2.923174637570205547e+01 2.011460061800446342e-02 0.000000000000000000e+00
2.927338704005388692e+01 2.014325389523738755e-02 0.000000000000000000e+00
2.931502770440571481e+01 2.017190717247030821e-02 0.000000000000000000e+00
2.935666836875754626e+01 2.020056044970323580e-02 0.000000000000000000e+00
2.939830903310937416e+01 2.022921372693615299e-02 0.000000000000000000e+00
2.943994969746120560e+01 2.025786700416907365e-02 0.000000000000000000e+00
2.948159036181303350e+01 2.028652028140199431e-02 0.000000000000000000e+00
2.952323102616486494e+01 2.031517355863492191e-02 0.000000000000000000e+00
2.956487169051669639e+01 2.034382683586783910e-02 0.000000000000000000e+00
2.960651235486852428e+01 2.037248011310076323e-02 0.000000000000000000e+00
2.964815301922035573e+01 2.040113339033368736e-02 0.000000000000000000e+00
2.968979368357218362e+01 2.042978666756660108e-02 0.000000000000000000e+00
2.973143434792401507e+01 2.045843994479952174e-02 0.000000000000000000e+00
2.977307501227584297e+01 2.048709322203243893e-02 0.000000000000000000e+00
2.981471567662767441e+01 2.051574649926536653e-02 0.000000000000000000e+00
2.985635634097950586e+01 2.054439977649829066e-02 0.000000000000000000e+00
2.989799700533133375e+01 2.057305305373120785e-02 0.000000000000000000e+00
2.993963766968316520e+01 2.060170633096412851e-02 0.000000000000000000e+00
2.998127833403499309e+01 2.063035960819705264e-02 0.000000000000000000e+00
3.002291899838682454e+01 2.065901288542997330e-02 0.000000000000000000e+00
3.006455966273865243e+01 2.068766616266289396e-02 0.000000000000000000e+00
3.010620032709048388e+01 2.071631943989581809e-02 0.000000000000000000e+00
3.014784099144231178e+01 2.074497271712873528e-02 0.000000000000000000e+00
3.018948165579414322e+01 2.077362599436166288e-02 0.000000000000000000e+00
3.023112232014597467e+01 2.080227927159458701e-02 0.000000000000000000e+00
3.027276298449780256e+01 2.083093254882750420e-02 0.000000000000000000e+00
3.031440364884963401e+01 2.085958582606042139e-02 0.000000000000000000e+00
3.035604431320146190e+01 2.088823910329333858e-02 0.000000000000000000e+00
3.039768497755329335e+01 2.091689238052626271e-02 0.000000000000000000e+00
3.043932564190512124e+01 2.094554565775918337e-02 0.000000000000000000e+00
3.048096630625695269e+01 2.097419893499210750e-02 0.000000000000000000e+00
3.052260697060878059e+01 2.100285221222502816e-02 0.000000000000000000e+00
3.056424763496061203e+01 2.103150548945794882e-02 0.000000000000000000e+00
3.060588829931244348e+01 2.106015876669087294e-02 0.000000000000000000e+00
3.064752896366427137e+01 2.108881204392379013e-02 0.000000000000000000e+00
3.068916962801610282e+01 2.111746532115671426e-02 0.000000000000000000e+00
3.073081029236793071e+01 2.114611859838963145e-02 0.000000000000000000e+00
3.077245095671976216e+01 2.117477187562256252e-02 0.000000000000000000e+00
3.081409162107159005e+01 2.120342515285547971e-02 0.000000000000000000e+00
3.085573228542342150e+01 2.123207843008840037e-02 0.000000000000000000e+00
3.089737294977524940e+01 2.126073170732132103e-02 0.000000000000000000e+00
3.093901361412708084e+01 2.128938498455424169e-02 0.000000000000000000e+00
3.098065427847891229e+01 2.131803826178716582e-02 0.000000000000000000e+00
3.102229494283074018e+01 2.134669153902008995e-02 0.000000000000000000e+00
3.106393560718257163e+01 2.137534481625301061e-02 0.000000000000000000e+00
3.110557627153439952e+01 2.140399809348592780e-02 0.000000000000000000e+00
3.114721693588623097e+01 2.143265137071884846e-02 0.000000000000000000e+00
3.118885760023805886e+01 2.146130464795176565e-02 0.000000000000000000e+00
3.123049826458989031e+01 2.148995792518469325e-02 0.000000000000000000e+00
3.127213892894172176e+01 2.151861120241761738e-02 0.000000000000000000e+00
3.131377959329354965e+01 2.154726447965053457e-02 0.000000000000000000e+00
3.135542025764538110e+01 2.157591775688345523e-02 0.000000000000000000e+00
3.139706092199720899e+01 2.160457103411637589e-02 0.000000000000000000e+00
3.143870158634904044e+01 2.163322431134929308e-02 0.000000000000000000e+00
3.148034225070086833e+01 2.166187758858222068e-02 0.000000000000000000e+00
3.152198291505269978e+01 2.169053086581514481e-02 0.000000000000000000e+00
3.156362357940452767e+01 2.171918414304806200e-02 0.000000000000000000e+00
3.160526424375635912e+01 2.174783742028098960e-02 0.000000000000000000e+00
3.164690490810819057e+01 2.177649069751391026e-02 0.000000000000000000e+00
3.168854557246001846e+01 2.180514397474683091e-02 0.000000000000000000e+00
3.173018623681184991e+01 2.183379725197974811e-02 0.000000000000000000e+00
3.177182690116367780e+01 2.186245052921266530e-02 0.000000000000000000e+00
3.181346756551550925e+01 2.189110380644558942e-02 0.000000000000000000e+00
3.185510822986733714e+01 2.191975708367850662e-02 0.000000000000000000e+00
3.189674889421916859e+01 2.194841036091143421e-02 0.000000000000000000e+00
3.193838955857099648e+01 2.197706363814435487e-02 0.000000000000000000e+00
3.198003022292282793e+01 2.200571691537727553e-02 0.000000000000000000e+00
3.202167088727465938e+01 2.203437019261019272e-02 0.000000000000000000e+00
3.206331155162649083e+01 2.206302346984311685e-02 0.000000000000000000e+00
3.210495221597832227e+01 2.209167674707604445e-02 0.000000000000000000e+00
3.214659288033015372e+01 2.212033002430896511e-02 0.000000000000000000e+00
3.218823354468197806e+01 2.214898330154188577e-02 0.000000000000000000e+00
3.222987420903380951e+01 2.217763657877480296e-02 0.000000000000000000e+00
3.227151487338564095e+01 2.220628985600773056e-02 0.000000000000000000e+00
3.231315553773747240e+01 2.223494313324065469e-02 0.000000000000000000e+00
3.235479620208930385e+01 2.226359641047357188e-02 0.000000000000000000e+00
3.239643686644112819e+01 2.229224968770649254e-02 0.000000000000000000e+00
3.243807753079295964e+01 2.232090296493941320e-02 0.000000000000000000e+00
3.247971819514479108e+01 2.234955624217233039e-02 0.000000000000000000e+00
3.252135885949662253e+01 2.237820951940525799e-02 0.000000000000000000e+00
3.256299952384844687e+01 2.240686279663817518e-02 0.000000000000000000e+00
3.260464018820027832e+01 2.243551607387109584e-02 0.000000000000000000e+00
3.264628085255210976e+01 2.246416935110401997e-02 0.000000000000000000e+00
3.268792151690394121e+01 2.249282262833694063e-02 0.000000000000000000e+00
3.272956218125577266e+01 2.252147590556986476e-02 0.000000000000000000e+00
3.277120284560759700e+01 2.255012918280278195e-02 0.000000000000000000e+00
3.281284350995942845e+01 2.257878246003570261e-02 0.000000000000000000e+00
3.285448417431125989e+01 2.260743573726862674e-02 0.000000000000000000e+00
3.289612483866309134e+01 2.263608901450155086e-02 0.000000000000000000e+00
3.293776550301491568e+01 2.266474229173446805e-02 0.000000000000000000e+00
3.297940616736674713e+01 2.269339556896739218e-02 0.000000000000000000e+00
3.302104683171857857e+01 2.272204884620030937e-02 0.000000000000000000e+00
3.306268749607041002e+01 2.275070212343323697e-02 0.000000000000000000e+00
3.310432816042224147e+01 2.277935540066615763e-02 0.000000000000000000e+00
3.314596882477406581e+01 2.280800867789907482e-02 0.000000000000000000e+00
3.318760948912589726e+01 2.283666195513199548e-02 0.000000000000000000e+00
3.322925015347772870e+01 2.286531523236492308e-02 0.000000000000000000e+00
3.327089081782956015e+01 2.289396850959784027e-02 0.000000000000000000e+00
3.331253148218138449e+01 2.292262178683076093e-02 0.000000000000000000e+00
3.335417214653321594e+01 2.295127506406367812e-02 0.000000000000000000e+00
3.339581281088504738e+01 2.297992834129660225e-02 0.000000000000000000e+00
3.343745347523687883e+01 2.300858161852952291e-02 0.000000000000000000e+00
3.347909413958871028e+01 2.303723489576245051e-02 0.000000000000000000e+00
3.352073480394053462e+01 2.306588817299536076e-02 0.000000000000000000e+00
3.356237546829236607e+01 2.309454145022828836e-02 0.000000000000000000e+00
3.360401613264419751e+01 2.312319472746120555e-02 0.000000000000000000e+00
3.364565679699602896e+01 2.315184800469412968e-02 0.000000000000000000e+00
3.368729746134785330e+01 2.318050128192705034e-02 0.000000000000000000e+00
3.372893812569968475e+01 2.320915455915997100e-02 0.000000000000000000e+00
3.377057879005151619e+01 2.323780783639289513e-02 0.000000000000000000e+00
3.381221945440334764e+01 2.326646111362581926e-02 0.000000000000000000e+00
3.385386011875517909e+01 2.329511439085873992e-02 0.000000000000000000e+00
3.389550078310700343e+01 2.332376766809165711e-02 0.000000000000000000e+00
3.393714144745883488e+01 2.335242094532457777e-02 0.000000000000000000e+00
3.397878211181066632e+01 2.338107422255750190e-02 0.000000000000000000e+00
3.402042277616249777e+01 2.340972749979042603e-02 0.000000000000000000e+00
3.406206344051432211e+01 2.343838077702333975e-02 0.000000000000000000e+00
3.410370410486615356e+01 2.346703405425626734e-02 0.000000000000000000e+00
3.414534476921798500e+01 2.349568733148918454e-02 0.000000000000000000e+00
3.418698543356981645e+01 2.352434060872210519e-02 0.000000000000000000e+00
3.422862609792164790e+01 2.355299388595502932e-02 0.000000000000000000e+00
3.427026676227347224e+01 2.358164716318794304e-02 0.000000000000000000e+00
3.431190742662530369e+01 2.361030044042087064e-02 0.000000000000000000e+00
3.435354809097713513e+01 2.363895371765379477e-02 0.000000000000000000e+00
3.439518875532896658e+01 2.366760699488671196e-02 0.000000000000000000e+00
3.443682941968079092e+01 2.369626027211963609e-02 0.000000000000000000e+00
3.447847008403262237e+01 2.372491354935256022e-02 0.000000000000000000e+00
3.452011074838445381e+01 2.375356682658548088e-02 0.000000000000000000e+00
3.456175141273628526e+01 2.378222010381840501e-02 0.000000000000000000e+00
3.460339207708811671e+01 2.381087338105132567e-02 0.000000000000000000e+00
3.464503274143994105e+01 2.383952665828423939e-02 0.000000000000000000e+00
3.468667340579177250e+01 2.386817993551716352e-02 0.000000000000000000e+00
3.472831407014360394e+01 2.389683321275008071e-02 0.000000000000000000e+00
3.476995473449543539e+01 2.392548648998300831e-02 0.000000000000000000e+00
3.481159539884725973e+01 2.395413976721592550e-02 0.000000000000000000e+00
3.485323606319909118e+01 2.398279304444884616e-02 0.000000000000000000e+00
3.489487672755092262e+01 2.401144632168177029e-02 0.000000000000000000e+00
3.493651739190275407e+01 2.404009959891469442e-02 0.000000000000000000e+00
3.497815805625458552e+01 2.406875287614761508e-02 0.000000000000000000e+00
3.501979872060640986e+01 2.409740615338053227e-02 0.000000000000000000e+00
3.506143938495824131e+01 2.412605943061345293e-02 0.000000000000000000e+00
3.510308004931007275e+01 2.415471270784637359e-02 0.000000000000000000e+00
3.514472071366190420e+01 2.418336598507929772e-02 0.000000000000000000e+00
3.518636137801373565e+01 2.421201926231222185e-02 0.000000000000000000e+00
3.522800204236555999e+01 2.424067253954514251e-02 0.000000000000000000e+00
3.526964270671739143e+01 2.426932581677806317e-02 0.000000000000000000e+00
3.531128337106922288e+01 2.429797909401098036e-02 0.000000000000000000e+00
3.535292403542105433e+01 2.432663237124390448e-02 0.000000000000000000e+00
3.539456469977287867e+01 2.435528564847682514e-02 0.000000000000000000e+00
3.543620536412471012e+01 2.438393892570974580e-02 0.000000000000000000e+00
3.547784602847654156e+01 2.441259220294266993e-02 0.000000000000000000e+00
3.551948669282837301e+01 2.444124548017559059e-02 0.000000000000000000e+00
3.556112735718020446e+01 2.446989875740850778e-02 0.000000000000000000e+00
3.560276802153202880e+01 2.449855203464143191e-02 0.000000000000000000e+00
3.564440868588386024e+01 2.452720531187435257e-02 0.000000000000000000e+00
3.568604935023569169e+01 2.455585858910727323e-02 0.000000000000000000e+00
3.572769001458752314e+01 2.458451186634019736e-02 0.000000000000000000e+00
3.576933067893934748e+01 2.461316514357311108e-02 0.000000000000000000e+00
3.581097134329117893e+01 2.464181842080603868e-02 0.000000000000000000e+00
3.585261200764301037e+01 2.467047169803895934e-02 0.000000000000000000e+00
3.589425267199484182e+01 2.469912497527188347e-02 0.000000000000000000e+00
3.593589333634667327e+01 2.472777825250480760e-02 0.000000000000000000e+00
3.597753400069849761e+01 2.475643152973772479e-02 0.000000000000000000e+00
3.601917466505032905e+01 2.478508480697064892e-02 0.000000000000000000e+00
3.606081532940216050e+01 2.481373808420356611e-02 0.000000000000000000e+00
3.610245599375399195e+01 2.484239136143648677e-02 0.000000000000000000e+00
3.614409665810581629e+01 2.487104463866940396e-02 0.000000000000000000e+00
3.618573732245764774e+01 2.489969791590232462e-02 0.000000000000000000e+00
3.622737798680947918e+01 2.492835119313525222e-02 0.000000000000000000e+00
3.626901865116131063e+01 2.495700447036817635e-02 0.000000000000000000e+00
3.631065931551314208e+01 2.498565774760109701e-02 0.000000000000000000e+00
3.635229997986496642e+01 2.501431102483401420e-02 0.000000000000000000e+00
3.639394064421679786e+01 2.504296430206693139e-02 0.000000000000000000e+00
3.643558130856862931e+01 2.507161757929985552e-02 0.000000000000000000e+00
3.647722197292046076e+01 2.510027085653277965e-02 0.000000000000000000e+00
3.651886263727228510e+01 2.512892413376570031e-02 0.000000000000000000e+00
3.656050330162411655e+01 2.515757741099862443e-02 0.000000000000000000e+00
3.660214396597594799e+01 2.518623068823154856e-02 0.000000000000000000e+00
3.664378463032777944e+01 2.521488396546447269e-02 0.000000000000000000e+00
3.668542529467961089e+01 2.524353724269738988e-02 0.000000000000000000e+00
3.672706595903143523e+01 2.527219051993030707e-02 0.000000000000000000e+00
3.676870662338326667e+01 2.530084379716323120e-02 0.000000000000000000e+00
3.681034728773509812e+01 2.532949707439615186e-02 0.000000000000000000e+00
3.685198795208692957e+01 2.535815035162907599e-02 0.000000000000000000e+00
3.689362861643875391e+01 2.538680362886198971e-02 0.000000000000000000e+00
3.693526928079058536e+01 2.541545690609491037e-02 0.000000000000000000e+00
3.697690994514241680e+01 2.544411018332783450e-02 0.000000000000000000e+00
3.701855060949424825e+01 2.547276346056075863e-02 0.000000000000000000e+00
3.706019127384607970e+01 2.550141673779367929e-02 0.000000000000000000e+00
3.710183193819790404e+01 2.553007001502659648e-02 0.000000000000000000e+00
3.714347260254973548e+01 2.555872329225951714e-02 0.000000000000000000e+00
3.718511326690156693e+01 2.558737656949244474e-02 0.000000000000000000e+00
3.722675393125339838e+01 2.561602984672536540e-02 0.000000000000000000e+00
3.726839459560522272e+01 2.564468312395828953e-02 0.000000000000000000e+00
3.731003525995705417e+01 2.567333640119120672e-02 0.000000000000000000e+00
3.735167592430888561e+01 2.570198967842412391e-02 0.000000000000000000e+00
3.739331658866071706e+01 2.573064295565704804e-02 0.000000000000000000e+00
3.743495725301254851e+01 2.575929623288997217e-02 0.000000000000000000e+00
3.747659791736437285e+01 2.578794951012289283e-02 0.000000000000000000e+00
3.751823858171620429e+01 2.581660278735581696e-02 0.000000000000000000e+00
3.755987924606803574e+01 2.584525606458873415e-02 0.000000000000000000e+00
3.760151991041986719e+01 2.587390934182165134e-02 0.000000000000000000e+00
3.764316057477169153e+01 2.590256261905457547e-02 0.000000000000000000e+00
3.768480123912352298e+01 2.593121589628749613e-02 0.000000000000000000e+00
3.772644190347535442e+01 2.595986917352042025e-02 0.000000000000000000e+00
3.776808256782718587e+01 2.598852245075334438e-02 0.000000000000000000e+00
3.780972323217901732e+01 2.601717572798626157e-02 0.000000000000000000e+00
3.785136389653084166e+01 2.604582900521917876e-02 0.000000000000000000e+00
3.789300456088267310e+01 2.607448228245209942e-02 0.000000000000000000e+00
3.793464522523450455e+01 2.610313555968502355e-02 0.000000000000000000e+00
3.797628588958633600e+01 2.613178883691794768e-02 0.000000000000000000e+00
3.801792655393816034e+01 2.616044211415087181e-02 0.000000000000000000e+00
3.805956721828999179e+01 2.618909539138379594e-02 0.000000000000000000e+00
3.810120788264182323e+01 2.621774866861670966e-02 0.000000000000000000e+00
3.814284854699365468e+01 2.624640194584963379e-02 0.000000000000000000e+00
3.818448921134548613e+01 2.627505522308255792e-02 0.000000000000000000e+00
3.822612987569731047e+01 2.630370850031546817e-02 0.000000000000000000e+00
3.826777054004914191e+01 2.633236177754839924e-02 0.000000000000000000e+00
3.830941120440097336e+01 2.636101505478132337e-02 0.000000000000000000e+00
3.835105186875280481e+01 2.638966833201423709e-02 0.000000000000000000e+00
3.839269253310463625e+01 2.641832160924716122e-02 0.000000000000000000e+00
3.843433319745646060e+01 2.644697488648008535e-02 0.000000000000000000e+00
3.847597386180829204e+01 2.647562816371299560e-02 0.000000000000000000e+00
3.851761452616012349e+01 2.650428144094592667e-02 0.000000000000000000e+00
3.855925519051195494e+01 2.653293471817885080e-02 0.000000000000000000e+00
3.860089585486377928e+01 2.656158799541176452e-02 0.000000000000000000e+00
3.864253651921561072e+01 2.659024127264468171e-02 0.000000000000000000e+00
3.868417718356744217e+01 2.661889454987761278e-02 0.000000000000000000e+00
3.872581784791927362e+01 2.664754782711052650e-02 0.000000000000000000e+00
3.876745851227110506e+01 2.667620110434345410e-02 0.000000000000000000e+00
3.880909917662292941e+01 2.670485438157637129e-02 0.000000000000000000e+00
3.885073984097476085e+01 2.673350765880929542e-02 0.000000000000000000e+00
3.889238050532659230e+01 2.676216093604221608e-02 0.000000000000000000e+00
3.893402116967842375e+01 2.679081421327514020e-02 0.000000000000000000e+00
3.897566183403024809e+01 2.681946749050805393e-02 0.000000000000000000e+00
3.901730249838207953e+01 2.684812076774097805e-02 0.000000000000000000e+00
3.905894316273391098e+01 2.687677404497390565e-02 0.000000000000000000e+00
3.910058382708574243e+01 2.690542732220682631e-02 0.000000000000000000e+00
3.914222449143757387e+01 2.693408059943974697e-02 0.000000000000000000e+00
3.918386515578939822e+01 2.696273387667266069e-02 0.000000000000000000e+00
3.922550582014122966e+01 2.699138715390559176e-02 0.000000000000000000e+00
3.926714648449306111e+01 2.702004043113850548e-02 0.000000000000000000e+00
3.930878714884489256e+01 2.704869370837143308e-02 0.000000000000000000e+00
3.935042781319671690e+01 2.707734698560433986e-02 0.000000000000000000e+00
3.939206847754854834e+01 2.710600026283726399e-02 0.000000000000000000e+00
3.943370914190037979e+01 2.713465354007018812e-02 0.000000000000000000e+00
3.947534980625221124e+01 2.716330681730311919e-02 0.000000000000000000e+00
3.951699047060404268e+01 2.719196009453604332e-02 0.000000000000000000e+00
3.955863113495586703e+01 2.722061337176896051e-02 0.000000000000000000e+00
3.960027179930769847e+01 2.724926664900188117e-02 0.000000000000000000e+00
3.964191246365952992e+01 2.727791992623480530e-02 0.000000000000000000e+00
3.968355312801136137e+01 2.730657320346772943e-02 0.000000000000000000e+00
3.972519379236318571e+01 2.733522648070063968e-02 0.000000000000000000e+00
3.976683445671501715e+01 2.736387975793356381e-02 0.000000000000000000e+00
3.980847512106684860e+01 2.739253303516648794e-02 0.000000000000000000e+00
3.985011578541868005e+01 2.742118631239940860e-02 0.000000000000000000e+00
3.989175644977051149e+01 2.744983958963233273e-02 0.000000000000000000e+00
3.993339711412233584e+01 2.747849286686524645e-02 0.000000000000000000e+00
3.997503777847416728e+01 2.750714614409817058e-02 0.000000000000000000e+00
4.001667844282599873e+01 2.753579942133109471e-02 0.000000000000000000e+00
4.005831910717783018e+01 2.756445269856401190e-02 0.000000000000000000e+00
4.009995977152965452e+01 2.759310597579693602e-02 0.000000000000000000e+00
4.014160043588148596e+01 2.762175925302985321e-02 0.000000000000000000e+00
4.018324110023331741e+01 2.765041253026277734e-02 0.000000000000000000e+00
4.022488176458514886e+01 2.767906580749570841e-02 0.000000000000000000e+00
4.026652242893698030e+01 2.770771908472862560e-02 0.000000000000000000e+00
4.030816309328880465e+01 2.773637236196154626e-02 0.000000000000000000e+00
4.034980375764063609e+01 2.776502563919446345e-02 0.000000000000000000e+00
4.039144442199246754e+01 2.779367891642738064e-02 0.000000000000000000e+00
4.043308508634429899e+01 2.782233219366030477e-02 0.000000000000000000e+00
4.047472575069612333e+01 2.785098547089322543e-02 0.000000000000000000e+00
4.051636641504795477e+01 2.787963874812614956e-02 0.000000000000000000e+00
4.055800707939978622e+01 2.790829202535907369e-02 0.000000000000000000e+00
4.059964774375161767e+01 2.793694530259199088e-02 0.000000000000000000e+00
4.064128840810344911e+01 2.796559857982490807e-02 0.000000000000000000e+00
4.068292907245527346e+01 2.799425185705783220e-02 0.000000000000000000e+00
4.072456973680710490e+01 2.802290513429074592e-02 0.000000000000000000e+00
4.076621040115893635e+01 2.805155841152367699e-02 0.000000000000000000e+00
4.080785106551076780e+01 2.808021168875660112e-02 0.000000000000000000e+00
4.084949172986259214e+01 2.810886496598951831e-02 0.000000000000000000e+00
4.089113239421442358e+01 2.813751824322243897e-02 0.000000000000000000e+00
4.093277305856625503e+01 2.816617152045536310e-02 0.000000000000000000e+00
4.097441372291808648e+01 2.819482479768828376e-02 0.000000000000000000e+00
4.101605438726991792e+01 2.822347807492120442e-02 0.000000000000000000e+00
4.105769505162174227e+01 2.825213135215412161e-02 0.000000000000000000e+00
4.109933571597357371e+01 2.828078462938704574e-02 0.000000000000000000e+00
4.114097638032540516e+01 2.830943790661996640e-02 0.000000000000000000e+00
4.118261704467723661e+01 2.833809118385289053e-02 0.000000000000000000e+00
4.122425770902906805e+01 2.836674446108581465e-02 0.000000000000000000e+00
4.126589837338089239e+01 2.839539773831873878e-02 0.000000000000000000e+00
4.130753903773272384e+01 2.842405101555164904e-02 0.000000000000000000e+00
4.134917970208455529e+01 2.845270429278457316e-02 0.000000000000000000e+00
4.139082036643638673e+01 2.848135757001749729e-02 0.000000000000000000e+00
4.143246103078821108e+01 2.851001084725041101e-02 0.000000000000000000e+00
4.147410169514004252e+01 2.853866412448333514e-02 0.000000000000000000e+00
4.151574235949187397e+01 2.856731740171625233e-02 0.000000000000000000e+00
4.155738302384370542e+01 2.859597067894917646e-02 0.000000000000000000e+00
4.159902368819553686e+01 2.862462395618210059e-02 0.000000000000000000e+00
4.164066435254736120e+01 2.865327723341502125e-02 0.000000000000000000e+00
4.168230501689919265e+01 2.868193051064794538e-02 0.000000000000000000e+00
4.172394568125102410e+01 2.871058378788086951e-02 0.000000000000000000e+00
4.176558634560285554e+01 2.873923706511379364e-02 0.000000000000000000e+00
4.180722700995467989e+01 2.876789034234670736e-02 0.000000000000000000e+00
4.184886767430651133e+01 2.879654361957963149e-02 0.000000000000000000e+00
4.189050833865834278e+01 2.882519689681254868e-02 0.000000000000000000e+00
4.193214900301017423e+01 2.885385017404547628e-02 0.000000000000000000e+00
4.197378966736200567e+01 2.888250345127839694e-02 0.000000000000000000e+00
4.201543033171383001e+01 2.891115672851131413e-02 0.000000000000000000e+00
4.205707099606566146e+01 2.893981000574423479e-02 0.000000000000000000e+00
4.209871166041749291e+01 2.896846328297715892e-02 0.000000000000000000e+00
4.214035232476932435e+01 2.899711656021008305e-02 0.000000000000000000e+00
4.218199298912114870e+01 2.902576983744299330e-02 0.000000000000000000e+00
4.222363365347298014e+01 2.905442311467591743e-02 0.000000000000000000e+00
4.226527431782481159e+01 2.908307639190884156e-02 0.000000000000000000e+00
4.230691498217664304e+01 2.911172966914176569e-02 0.000000000000000000e+00
4.234855564652847448e+01 2.914038294637468982e-02 0.000000000000000000e+00
4.239019631088029882e+01 2.916903622360761048e-02 0.000000000000000000e+00
4.243183697523213027e+01 2.919768950084052767e-02 0.000000000000000000e+00
4.247347763958396172e+01 2.922634277807345873e-02 0.000000000000000000e+00
4.251511830393579316e+01 2.925499605530637592e-02 0.000000000000000000e+00
4.255675896828761751e+01 2.928364933253929311e-02 0.000000000000000000e+00
4.259839963263944895e+01 2.931230260977221377e-02 0.000000000000000000e+00
4.264004029699128040e+01 2.934095588700513790e-02 0.000000000000000000e+00
4.268168096134311185e+01 2.936960916423805509e-02 0.000000000000000000e+00
4.272332162569494329e+01 2.939826244147098616e-02 0.000000000000000000e+00
4.276496229004676763e+01 2.942691571870389294e-02 0.000000000000000000e+00
4.280660295439859908e+01 2.945556899593682054e-02 0.000000000000000000e+00
4.284824361875043053e+01 2.948422227316974120e-02 0.000000000000000000e+00
4.288988428310226197e+01 2.951287555040265839e-02 0.000000000000000000e+00
4.293152494745408632e+01 2.954152882763558252e-02 0.000000000000000000e+00
4.297316561180591776e+01 2.957018210486850665e-02 0.000000000000000000e+00
4.301480627615774921e+01 2.959883538210142731e-02 0.000000000000000000e+00
4.305644694050958066e+01 2.962748865933435144e-02 0.000000000000000000e+00
4.309808760486141210e+01 2.965614193656727557e-02 0.000000000000000000e+00
4.313972826921323644e+01 2.968479521380018582e-02 0.000000000000000000e+00
4.318136893356506789e+01 2.971344849103310995e-02 0.000000000000000000e+00
4.322300959791689934e+01 2.974210176826603408e-02 0.000000000000000000e+00
4.326465026226873078e+01 2.977075504549895474e-02 0.000000000000000000e+00
4.330629092662055513e+01 2.979940832273187887e-02 0.000000000000000000e+00
4.334793159097238657e+01 2.982806159996479606e-02 0.000000000000000000e+00
4.338957225532421802e+01 2.985671487719772019e-02 0.000000000000000000e+00
4.343121291967604947e+01 2.988536815443063738e-02 0.000000000000000000e+00
4.347285358402788091e+01 2.991402143166356151e-02 0.000000000000000000e+00
4.351449424837970525e+01 2.994267470889648564e-02 0.000000000000000000e+00
4.355613491273153670e+01 2.997132798612939936e-02 0.000000000000000000e+00
4.359777557708336815e+01 2.999998126336232349e-02 0.000000000000000000e+00
4.363941624143519959e+01 3.002863454059524762e-02 0.000000000000000000e+00
4.368105690578702394e+01 3.005728781782816827e-02 0.000000000000000000e+00
4.372269757013885538e+01 3.008594109506108893e-02 0.000000000000000000e+00
4.376433823449068683e+01 3.011459437229401306e-02 0.000000000000000000e+00
4.380597889884251828e+01 3.014324764952693372e-02 0.000000000000000000e+00
4.384761956319434972e+01 3.017190092675985091e-02 0.000000000000000000e+00
4.388926022754617406e+01 3.020055420399277157e-02 0.000000000000000000e+00
4.393090089189800551e+01 3.022920748122569917e-02 0.000000000000000000e+00
4.397254155624983696e+01 3.025786075845861983e-02 0.000000000000000000e+00
4.401418222060166840e+01 3.028651403569154396e-02 0.000000000000000000e+00
4.405582288495349275e+01 3.031516731292445421e-02 0.000000000000000000e+00
4.409746354930532419e+01 3.034382059015737834e-02 0.000000000000000000e+00
4.413910421365715564e+01 3.037247386739029900e-02 0.000000000000000000e+00
4.418074487800898709e+01 3.040112714462322660e-02 0.000000000000000000e+00
4.422238554236081853e+01 3.042978042185614726e-02 0.000000000000000000e+00
4.426402620671264287e+01 3.045843369908906445e-02 0.000000000000000000e+00
4.430566687106447432e+01 3.048708697632198164e-02 0.000000000000000000e+00
4.434730753541630577e+01 3.051574025355490577e-02 0.000000000000000000e+00
4.438894819976813721e+01 3.054439353078782643e-02 0.000000000000000000e+00
4.443058886411996866e+01 3.057304680802075403e-02 0.000000000000000000e+00
4.447222952847179300e+01 3.060170008525366775e-02 0.000000000000000000e+00
4.451387019282362445e+01 3.063035336248659882e-02 0.000000000000000000e+00
4.455551085717545590e+01 3.065900663971951601e-02 0.000000000000000000e+00
4.459715152152728734e+01 3.068765991695244014e-02 0.000000000000000000e+00
4.463879218587911168e+01 3.071631319418535386e-02 0.000000000000000000e+00
4.468043285023094313e+01 3.074496647141827799e-02 0.000000000000000000e+00
4.472207351458277458e+01 3.077361974865119518e-02 0.000000000000000000e+00
4.476371417893460602e+01 3.080227302588412625e-02 0.000000000000000000e+00
4.480535484328643747e+01 3.083092630311704344e-02 0.000000000000000000e+00
4.484699550763826181e+01 3.085957958034996410e-02 0.000000000000000000e+00
4.488863617199009326e+01 3.088823285758288129e-02 0.000000000000000000e+00
4.493027683634192471e+01 3.091688613481580541e-02 0.000000000000000000e+00
4.497191750069375615e+01 3.094553941204872954e-02 0.000000000000000000e+00
4.501355816504558049e+01 3.097419268928164326e-02 0.000000000000000000e+00
4.505519882939741194e+01 3.100284596651457086e-02 0.000000000000000000e+00
4.509683949374924339e+01 3.103149924374749152e-02 0.000000000000000000e+00
4.513848015810107484e+01 3.106015252098040871e-02 0.000000000000000000e+00
4.518012082245290628e+01 3.108880579821333284e-02 0.000000000000000000e+00
4.522176148680473062e+01 3.111745907544626391e-02 0.000000000000000000e+00
4.526340215115656207e+01 3.114611235267917416e-02 0.000000000000000000e+00
4.530504281550839352e+01 3.117476562991209829e-02 0.000000000000000000e+00
4.534668347986022496e+01 3.120341890714502242e-02 0.000000000000000000e+00
4.538832414421204930e+01 3.123207218437793614e-02 0.000000000000000000e+00
4.542996480856388075e+01 3.126072546161086374e-02 0.000000000000000000e+00
4.547160547291571220e+01 3.128937873884379134e-02 0.000000000000000000e+00
4.551324613726754365e+01 3.131803201607671200e-02 0.000000000000000000e+00
4.555488680161937509e+01 3.134668529330963266e-02 0.000000000000000000e+00
4.559652746597119943e+01 3.137533857054254638e-02 0.000000000000000000e+00
4.563816813032303088e+01 3.140399184777546704e-02 0.000000000000000000e+00
4.567980879467486233e+01 3.143264512500838770e-02 0.000000000000000000e+00
4.572144945902669377e+01 3.146129840224131530e-02 0.000000000000000000e+00
4.576309012337851811e+01 3.148995167947422902e-02 0.000000000000000000e+00
4.580473078773034956e+01 3.151860495670715662e-02 0.000000000000000000e+00
4.584637145208218101e+01 3.154725823394007034e-02 0.000000000000000000e+00
4.588801211643401246e+01 3.157591151117299794e-02 0.000000000000000000e+00
4.592965278078584390e+01 3.160456478840591860e-02 0.000000000000000000e+00
4.597129344513766824e+01 3.163321806563883926e-02 0.000000000000000000e+00
4.601293410948949969e+01 3.166187134287176685e-02 0.000000000000000000e+00
4.605457477384133114e+01 3.169052462010468058e-02 0.000000000000000000e+00
4.609621543819316258e+01 3.171917789733760124e-02 0.000000000000000000e+00
4.613785610254498692e+01 3.174783117457052883e-02 0.000000000000000000e+00
4.617949676689681837e+01 3.177648445180344949e-02 0.000000000000000000e+00
4.622113743124864982e+01 3.180513772903637015e-02 0.000000000000000000e+00
4.626277809560048127e+01 3.183379100626929081e-02 0.000000000000000000e+00
4.630441875995231271e+01 3.186244428350221147e-02 0.000000000000000000e+00
4.634605942430413705e+01 3.189109756073513213e-02 0.000000000000000000e+00
4.638770008865596850e+01 3.191975083796804585e-02 0.000000000000000000e+00
4.642934075300779995e+01 3.194840411520098039e-02 0.000000000000000000e+00
4.647098141735963139e+01 3.197705739243389411e-02 0.000000000000000000e+00
4.651262208171145573e+01 3.200571066966681477e-02 0.000000000000000000e+00
4.655426274606328718e+01 3.203436394689973543e-02 0.000000000000000000e+00
4.659590341041511863e+01 3.206301722413266303e-02 0.000000000000000000e+00
4.663754407476695008e+01 3.209167050136558369e-02 0.000000000000000000e+00
4.667918473911878152e+01 3.212032377859850435e-02 0.000000000000000000e+00
4.672082540347060586e+01 3.214897705583141807e-02 0.000000000000000000e+00
4.676246606782243731e+01 3.217763033306434567e-02 0.000000000000000000e+00
4.680410673217426876e+01 3.220628361029726633e-02 0.000000000000000000e+00
4.684574739652610020e+01 3.223493688753018699e-02 0.000000000000000000e+00
4.688738806087792454e+01 3.226359016476310071e-02 0.000000000000000000e+00
4.692902872522975599e+01 3.229224344199603525e-02 0.000000000000000000e+00
4.697066938958158744e+01 3.232089671922894897e-02 0.000000000000000000e+00
4.701231005393341889e+01 3.234954999646187657e-02 0.000000000000000000e+00
4.705395071828525033e+01 3.237820327369479723e-02 0.000000000000000000e+00
4.709559138263707467e+01 3.240685655092771095e-02 0.000000000000000000e+00
4.713723204698890612e+01 3.243550982816063161e-02 0.000000000000000000e+00
4.717887271134073757e+01 3.246416310539355921e-02 0.000000000000000000e+00
4.722051337569256901e+01 3.249281638262647987e-02 0.000000000000000000e+00
4.726215404004440046e+01 3.252146965985940746e-02 0.000000000000000000e+00
4.730379470439622480e+01 3.255012293709232118e-02 0.000000000000000000e+00
4.734543536874805625e+01 3.257877621432524878e-02 0.000000000000000000e+00
4.738707603309988770e+01 3.260742949155816944e-02 0.000000000000000000e+00
4.742871669745171914e+01 3.263608276879109010e-02 0.000000000000000000e+00
4.747035736180354348e+01 3.266473604602400382e-02 0.000000000000000000e+00
4.751199802615537493e+01 3.269338932325693836e-02 0.000000000000000000e+00
4.755363869050720638e+01 3.272204260048985208e-02 0.000000000000000000e+00
4.759527935485903782e+01 3.275069587772277274e-02 0.000000000000000000e+00
4.763692001921086927e+01 3.277934915495570034e-02 0.000000000000000000e+00
4.767856068356269361e+01 3.280800243218860712e-02 0.000000000000000000e+00
4.772020134791452506e+01 3.283665570942153472e-02 0.000000000000000000e+00
4.776184201226635651e+01 3.286530898665445538e-02 0.000000000000000000e+00
4.780348267661818795e+01 3.289396226388737604e-02 0.000000000000000000e+00
4.784512334097001229e+01 3.292261554112029670e-02 0.000000000000000000e+00
4.788676400532184374e+01 3.295126881835321736e-02 0.000000000000000000e+00
4.792840466967367519e+01 3.297992209558613802e-02 0.000000000000000000e+00
4.797004533402550663e+01 3.300857537281906562e-02 0.000000000000000000e+00
4.801168599837733808e+01 3.303722865005198628e-02 0.000000000000000000e+00
4.805332666272916242e+01 3.306588192728490694e-02 0.000000000000000000e+00
4.809496732708099387e+01 3.309453520451782066e-02 0.000000000000000000e+00
4.813660799143282532e+01 3.312318848175074826e-02 0.000000000000000000e+00
4.817824865578465676e+01 3.315184175898367586e-02 0.000000000000000000e+00
4.821988932013648110e+01 3.318049503621658958e-02 0.000000000000000000e+00
4.826152998448831255e+01 3.320914831344951718e-02 0.000000000000000000e+00
4.830317064884014400e+01 3.323780159068243784e-02 0.000000000000000000e+00
4.834481131319197544e+01 3.326645486791535156e-02 0.000000000000000000e+00
4.838645197754380689e+01 3.329510814514827916e-02 0.000000000000000000e+00
4.842809264189563123e+01 3.332376142238118594e-02 0.000000000000000000e+00
4.846973330624746268e+01 3.335241469961412047e-02 0.000000000000000000e+00
4.851137397059929413e+01 3.338106797684704113e-02 0.000000000000000000e+00
4.855301463495112557e+01 3.340972125407996873e-02 0.000000000000000000e+00
4.859465529930294991e+01 3.343837453131288245e-02 0.000000000000000000e+00
4.863629596365478136e+01 3.346702780854580311e-02 0.000000000000000000e+00
4.867793662800661281e+01 3.349568108577871683e-02 0.000000000000000000e+00
4.871957729235844425e+01 3.352433436301164443e-02 0.000000000000000000e+00
4.876121795671027570e+01 3.355298764024457203e-02 0.000000000000000000e+00
4.880285862106210004e+01 3.358164091747749269e-02 0.000000000000000000e+00
4.884449928541393149e+01 3.361029419471041335e-02 0.000000000000000000e+00
4.888613994976576294e+01 3.363894747194333401e-02 0.000000000000000000e+00
4.892778061411759438e+01 3.366760074917625467e-02 0.000000000000000000e+00
4.896942127846941872e+01 3.369625402640917533e-02 0.000000000000000000e+00
4.901106194282125017e+01 3.372490730364208905e-02 0.000000000000000000e+00
4.905270260717308162e+01 3.375356058087502359e-02 0.000000000000000000e+00
4.909434327152491306e+01 3.378221385810793731e-02 0.000000000000000000e+00
4.913598393587674451e+01 3.381086713534085797e-02 0.000000000000000000e+00
4.917762460022856885e+01 3.383952041257378557e-02 0.000000000000000000e+00
4.921926526458040030e+01 3.386817368980669235e-02 0.000000000000000000e+00
4.926090592893223175e+01 3.389682696703962689e-02 0.000000000000000000e+00
4.930254659328406319e+01 3.392548024427254755e-02 0.000000000000000000e+00
4.934418725763588753e+01 3.395413352150546821e-02 0.000000000000000000e+00
4.938582792198771898e+01 3.398278679873838193e-02 0.000000000000000000e+00
4.942746858633955043e+01 3.401144007597130953e-02 0.000000000000000000e+00
4.946910925069138187e+01 3.404009335320423019e-02 0.000000000000000000e+00
4.951074991504321332e+01 3.406874663043715779e-02 0.000000000000000000e+00
4.955239057939503766e+01 3.409739990767007151e-02 0.000000000000000000e+00
4.959403124374686911e+01 3.412605318490299217e-02 0.000000000000000000e+00
4.963567190809870056e+01 3.415470646213591976e-02 0.000000000000000000e+00
4.967731257245053200e+01 3.418335973936884042e-02 0.000000000000000000e+00
4.971895323680235634e+01 3.421201301660175415e-02 0.000000000000000000e+00
4.976059390115418779e+01 3.424066629383468868e-02 0.000000000000000000e+00
4.980223456550601924e+01 3.426931957106760240e-02 0.000000000000000000e+00
4.984387522985785068e+01 3.429797284830052306e-02 0.000000000000000000e+00
4.988551589420968213e+01 3.432662612553344372e-02 0.000000000000000000e+00
4.992715655856150647e+01 3.435527940276635744e-02 0.000000000000000000e+00
4.996879722291333792e+01 3.438393267999928504e-02 0.000000000000000000e+00
5.001043788726516937e+01 3.441258595723221264e-02 0.000000000000000000e+00
5.005207855161700081e+01 3.444123923446512636e-02 0.000000000000000000e+00
5.009371921596882515e+01 3.446989251169805396e-02 0.000000000000000000e+00
5.013535988032065660e+01 3.449854578893096768e-02 0.000000000000000000e+00
5.017700054467248805e+01 3.452719906616388834e-02 0.000000000000000000e+00
5.021864120902431949e+01 3.455585234339680900e-02 0.000000000000000000e+00
5.026028187337615094e+01 3.458450562062974354e-02 0.000000000000000000e+00
5.030192253772797528e+01 3.461315889786265726e-02 0.000000000000000000e+00
5.034356320207980673e+01 3.464181217509557792e-02 0.000000000000000000e+00
5.038520386643163818e+01 3.467046545232849858e-02 0.000000000000000000e+00
5.042684453078346962e+01 3.469911872956141924e-02 0.000000000000000000e+00
5.046848519513530107e+01 3.472777200679435378e-02 0.000000000000000000e+00
5.051012585948712541e+01 3.475642528402726750e-02 0.000000000000000000e+00
5.055176652383895686e+01 3.478507856126018816e-02 0.000000000000000000e+00
5.059340718819078830e+01 3.481373183849310882e-02 0.000000000000000000e+00
5.063504785254261975e+01 3.484238511572602948e-02 0.000000000000000000e+00
5.067668851689444409e+01 3.487103839295893626e-02 0.000000000000000000e+00
5.071832918124627554e+01 3.489969167019187080e-02 0.000000000000000000e+00
5.075996984559810699e+01 3.492834494742479146e-02 0.000000000000000000e+00
5.080161050994993843e+01 3.495699822465771905e-02 0.000000000000000000e+00
5.084325117430176988e+01 3.498565150189063971e-02 0.000000000000000000e+00
5.088489183865359422e+01 3.501430477912355343e-02 0.000000000000000000e+00
5.092653250300542567e+01 3.504295805635647409e-02 0.000000000000000000e+00
5.096817316735725711e+01 3.507161133358940169e-02 0.000000000000000000e+00
5.100981383170908856e+01 3.510026461082232235e-02 0.000000000000000000e+00
5.105145449606091290e+01 3.512891788805524301e-02 0.000000000000000000e+00
5.109309516041274435e+01 3.515757116528815673e-02 0.000000000000000000e+00
5.113473582476457580e+01 3.518622444252107739e-02 0.000000000000000000e+00
5.117637648911640724e+01 3.521487771975400499e-02 0.000000000000000000e+00
5.121801715346823869e+01 3.524353099698692565e-02 0.000000000000000000e+00
5.125965781782006303e+01 3.527218427421983937e-02 0.000000000000000000e+00
5.130129848217189448e+01 3.530083755145277391e-02 0.000000000000000000e+00
5.134293914652372592e+01 3.532949082868568763e-02 0.000000000000000000e+00
5.138457981087555737e+01 3.535814410591860829e-02 0.000000000000000000e+00
5.142622047522738171e+01 3.538679738315152895e-02 0.000000000000000000e+00
5.146786113957921316e+01 3.541545066038444961e-02 0.000000000000000000e+00
5.150950180393104461e+01 3.544410393761737721e-02 0.000000000000000000e+00
5.155114246828287605e+01 3.547275721485029787e-02 0.000000000000000000e+00
5.159278313263470750e+01 3.550141049208321853e-02 0.000000000000000000e+00
5.163442379698653184e+01 3.553006376931613919e-02 0.000000000000000000e+00
5.167606446133836329e+01 3.555871704654905291e-02 0.000000000000000000e+00
5.171770512569019473e+01 3.558737032378198745e-02 0.000000000000000000e+00
5.175934579004202618e+01 3.561602360101490811e-02 0.000000000000000000e+00
5.180098645439385052e+01 3.564467687824782877e-02 0.000000000000000000e+00
5.184262711874568197e+01 3.567333015548074249e-02 0.000000000000000000e+00
5.188426778309751342e+01 3.570198343271366315e-02 0.000000000000000000e+00
5.192590844744934486e+01 3.573063670994659075e-02 0.000000000000000000e+00
5.196754911180117631e+01 3.575928998717951141e-02 0.000000000000000000e+00
5.200918977615300065e+01 3.578794326441243207e-02 0.000000000000000000e+00
