k, f, h2OmegaGW
2.870056028624087424e-09 2.399359790528751464e-13 2.494393634406471026e-52
6.855020205095012642e-01 5.730780054231965505e-05 4.553132647904057959e-21
1.371004038148946336e+00 1.146156008447033229e-04 1.791626874414005423e-20
2.056506055788391851e+00 1.719234011470870246e-04 2.874334605482967084e-20
2.742008073427836923e+00 2.292312014494706722e-04 8.872497332217407001e-20
3.427510091067281994e+00 2.865390017518543468e-04 7.941689308403682548e-20
4.113012108706727510e+00 3.438468020542381027e-04 9.628361936498551316e-20
4.798514126346172581e+00 4.011546023566216960e-04 1.151295780473722138e-19
5.484016143985617653e+00 4.584624026590053436e-04 1.059225732724046118e-19
6.169518161625062724e+00 5.157702029613889369e-04 1.162944953894468019e-19
6.855020179264507796e+00 5.730780032637728012e-04 1.207904850039936144e-19
7.540522196903952867e+00 6.303858035661563403e-04 1.155532801429891854e-19
8.226024214543398827e+00 6.876936038685402047e-04 1.300932050104907657e-19
8.911526232182843898e+00 7.450014041709238522e-04 1.542532312357630102e-19
9.597028249822288970e+00 8.023092044733073913e-04 1.975317744058772332e-19
1.028253026746173404e+01 8.596170047756911473e-04 2.515916295167892913e-19
1.096803228510117911e+01 9.169248050780747948e-04 3.142922146338209887e-19
1.165353430274062418e+01 9.742326053804585507e-04 3.668524267556315222e-19
1.233903632038006926e+01 1.031540405682842198e-03 3.951722645643061294e-19
1.302453833801951433e+01 1.088848205985225954e-03 3.746090423487117547e-19
1.371004035565895940e+01 1.146156006287609276e-03 3.489814204386410382e-19
1.439554237329840447e+01 1.203463806589993032e-03 2.579869469401938426e-19
1.508104439093784954e+01 1.260771606892376788e-03 2.116427530092793297e-19
1.576654640857729461e+01 1.318079407194760327e-03 1.106209347888105173e-19
1.645204842621674146e+01 1.375387207497144083e-03 4.010534311082650919e-20
1.713755044385618476e+01 1.432695007799527839e-03 2.002561416121087156e-20
1.782305246149563160e+01 1.490002808101911595e-03 1.309101344312848584e-20
1.850855447913507490e+01 1.547310608404294918e-03 6.788240651173205364e-21
1.919405649677452175e+01 1.604618408706679107e-03 5.413681099633654476e-21
1.987955851441396504e+01 1.661926209009062213e-03 3.276157562928983396e-21
2.056506053205341189e+01 1.719234009311446185e-03 2.322312121757101838e-21
2.125056254969285519e+01 1.776541809613830158e-03 1.437381132087644779e-21
2.193606456733230203e+01 1.833849609916213264e-03 9.962466187212619349e-22
2.262156658497174888e+01 1.891157410218597236e-03 6.634665423073760983e-22
2.330706860261119218e+01 1.948465210520981209e-03 3.161484616874440372e-22
2.399257062025063902e+01 2.005773010823364531e-03 2.425622328409159997e-22
2.467807263789008232e+01 2.063080811125748287e-03 1.052289437062882132e-22
2.536357465552952917e+01 2.120388611428132043e-03 3.373018458425861432e-23
2.604907667316897246e+01 2.177696411730515799e-03 1.322580724011521038e-23
2.673457869080841931e+01 2.235004212032899555e-03 2.007493700560666023e-24
2.742008070844786261e+01 2.292312012335282877e-03 6.475565200697262062e-25
2.810558272608730945e+01 2.349619812637666633e-03 4.188181990261043729e-26
2.879108474372675275e+01 2.406927612940050389e-03 0.000000000000000000e+00
2.947658676136619960e+01 2.464235413242434145e-03 0.000000000000000000e+00
3.016208877900564289e+01 2.521543213544817901e-03 0.000000000000000000e+00
3.084759079664508974e+01 2.578851013847201223e-03 0.000000000000000000e+00
3.153309281428453303e+01 2.636158814149585413e-03 0.000000000000000000e+00
3.221859483192397278e+01 2.693466614451967434e-03 0.000000000000000000e+00
3.290409684956342318e+01 2.750774414754352925e-03 0.000000000000000000e+00
3.358959886720286647e+01 2.808082215056736247e-03 0.000000000000000000e+00
3.427510088484230977e+01 2.865390015359120003e-03 0.000000000000000000e+00
3.496060290248176017e+01 2.922697815661502892e-03 0.000000000000000000e+00
3.564610492012120346e+01 2.980005615963887081e-03 0.000000000000000000e+00
3.633160693776064676e+01 3.037313416266270404e-03 0.000000000000000000e+00
3.701710895540009005e+01 3.094621216568653726e-03 0.000000000000000000e+00
3.770261097303954045e+01 3.151929016871038349e-03 0.000000000000000000e+00
3.838811299067898375e+01 3.209236817173421238e-03 0.000000000000000000e+00
3.907361500831842704e+01 3.266544617475805861e-03 0.000000000000000000e+00
3.975911702595787034e+01 3.323852417778188750e-03 0.000000000000000000e+00
4.044461904359732074e+01 3.381160218080572072e-03 0.000000000000000000e+00
4.113012106123676404e+01 3.438468018382955828e-03 0.000000000000000000e+00
4.181562307887620733e+01 3.495775818685339584e-03 0.000000000000000000e+00
4.250112509651565063e+01 3.553083618987723340e-03 0.000000000000000000e+00
4.318662711415510103e+01 3.610391419290107963e-03 0.000000000000000000e+00
4.387212913179454432e+01 3.667699219592490852e-03 0.000000000000000000e+00
4.455763114943398762e+01 3.725007019894874608e-03 0.000000000000000000e+00
4.524313316707343802e+01 3.782314820197258797e-03 0.000000000000000000e+00
4.592863518471288131e+01 3.839622620499641686e-03 0.000000000000000000e+00
4.661413720235232461e+01 3.896930420802025008e-03 0.000000000000000000e+00
4.729963921999176790e+01 3.954238221104408764e-03 0.000000000000000000e+00
4.798514123763121830e+01 4.011546021406793387e-03 0.000000000000000000e+00
4.867064325527066160e+01 4.068853821709177143e-03 0.000000000000000000e+00
4.935614527291010489e+01 4.126161622011560032e-03 0.000000000000000000e+00
5.004164729054954819e+01 4.183469422313942920e-03 0.000000000000000000e+00
5.072714930818899859e+01 4.240777222616328411e-03 0.000000000000000000e+00
5.141265132582844188e+01 4.298085022918711300e-03 0.000000000000000000e+00
5.209815334346788518e+01 4.355392823221094188e-03 0.000000000000000000e+00
5.278365536110732847e+01 4.412700623523478811e-03 0.000000000000000000e+00
5.346915737874677887e+01 4.470008423825862567e-03 0.000000000000000000e+00
5.415465939638622217e+01 4.527316224128245456e-03 0.000000000000000000e+00
5.484016141402566547e+01 4.584624024430630079e-03 0.000000000000000000e+00
5.552566343166511587e+01 4.641931824733013835e-03 0.000000000000000000e+00
5.621116544930455916e+01 4.699239625035397591e-03 0.000000000000000000e+00
5.689666746694400246e+01 4.756547425337779612e-03 0.000000000000000000e+00
5.758216948458344575e+01 4.813855225640164236e-03 0.000000000000000000e+00
5.826767150222289615e+01 4.871163025942547992e-03 0.000000000000000000e+00
5.895317351986233945e+01 4.928470826244930880e-03 0.000000000000000000e+00
5.963867553750178274e+01 4.985778626547314636e-03 0.000000000000000000e+00
6.032417755514122604e+01 5.043086426849700127e-03 0.000000000000000000e+00
6.100967957278067644e+01 5.100394227152083015e-03 0.000000000000000000e+00
6.169518159042011973e+01 5.157702027454466771e-03 0.000000000000000000e+00
6.238068360805956303e+01 5.215009827756849660e-03 0.000000000000000000e+00
6.306618562569900632e+01 5.272317628059232548e-03 0.000000000000000000e+00
6.375168764333845672e+01 5.329625428361618039e-03 0.000000000000000000e+00
6.443718966097789291e+01 5.386933228664000928e-03 0.000000000000000000e+00
6.512269167861734331e+01 5.444241028966383816e-03 0.000000000000000000e+00
6.580819369625679371e+01 5.501548829268769307e-03 0.000000000000000000e+00
6.649369571389622990e+01 5.558856629571152196e-03 0.000000000000000000e+00
6.717919773153568030e+01 5.616164429873536819e-03 0.000000000000000000e+00
6.786469974917513071e+01 5.673472230175919707e-03 0.000000000000000000e+00
6.855020176681456689e+01 5.730780030478302596e-03 0.000000000000000000e+00
6.923570378445401730e+01 5.788087830780686352e-03 0.000000000000000000e+00
6.992120580209346770e+01 5.845395631083070975e-03 0.000000000000000000e+00
7.060670781973290389e+01 5.902703431385453864e-03 0.000000000000000000e+00
7.129220983737235429e+01 5.960011231687838487e-03 0.000000000000000000e+00
7.197771185501179048e+01 6.017319031990219641e-03 0.000000000000000000e+00
7.266321387265124088e+01 6.074626832292605132e-03 0.000000000000000000e+00
7.334871589029069128e+01 6.131934632594990622e-03 0.000000000000000000e+00
7.403421790793012747e+01 6.189242432897371776e-03 0.000000000000000000e+00
7.471971992556957787e+01 6.246550233199755532e-03 0.000000000000000000e+00
7.540522194320902827e+01 6.303858033502139288e-03 0.000000000000000000e+00
7.609072396084846446e+01 6.361165833804523911e-03 0.000000000000000000e+00
7.677622597848791486e+01 6.418473634106906800e-03 0.000000000000000000e+00
7.746172799612736526e+01 6.475781434409291423e-03 0.000000000000000000e+00
7.814723001376680145e+01 6.533089234711675179e-03 0.000000000000000000e+00
7.883273203140625185e+01 6.590397035014058068e-03 0.000000000000000000e+00
7.951823404904568804e+01 6.647704835316442691e-03 0.000000000000000000e+00
8.020373606668513844e+01 6.705012635618825580e-03 0.000000000000000000e+00
8.088923808432458884e+01 6.762320435921208468e-03 0.000000000000000000e+00
8.157474010196402503e+01 6.819628236223593092e-03 0.000000000000000000e+00
8.226024211960347543e+01 6.876936036525975980e-03 0.000000000000000000e+00
8.294574413724292583e+01 6.934243836828360603e-03 0.000000000000000000e+00
8.363124615488236202e+01 6.991551637130743492e-03 0.000000000000000000e+00
8.431674817252181242e+01 7.048859437433127248e-03 0.000000000000000000e+00
8.500225019016124861e+01 7.106167237735510137e-03 0.000000000000000000e+00
8.568775220780069901e+01 7.163475038037895627e-03 0.000000000000000000e+00
8.637325422544014941e+01 7.220782838340279383e-03 0.000000000000000000e+00
8.705875624307958560e+01 7.278090638642662272e-03 0.000000000000000000e+00
8.774425826071903600e+01 7.335398438945045160e-03 0.000000000000000000e+00
8.842976027835848640e+01 7.392706239247429784e-03 0.000000000000000000e+00
8.911526229599792259e+01 7.450014039549814407e-03 0.000000000000000000e+00
8.980076431363737299e+01 7.507321839852197295e-03 0.000000000000000000e+00
9.048626633127682339e+01 7.564629640154581919e-03 0.000000000000000000e+00
9.117176834891625958e+01 7.621937440456963940e-03 0.000000000000000000e+00
9.185727036655570998e+01 7.679245240759347696e-03 0.000000000000000000e+00
9.254277238419514617e+01 7.736553041061731452e-03 0.000000000000000000e+00
9.322827440183459657e+01 7.793860841364114340e-03 0.000000000000000000e+00
9.391377641947404697e+01 7.851168641666499831e-03 0.000000000000000000e+00
9.459927843711348316e+01 7.908476441968882720e-03 0.000000000000000000e+00
9.528478045475293357e+01 7.965784242271267343e-03 0.000000000000000000e+00
9.597028247239238397e+01 8.023092042573650232e-03 0.000000000000000000e+00
9.665578449003182016e+01 8.080399842876034855e-03 0.000000000000000000e+00
9.734128650767127056e+01 8.137707643178417743e-03 0.000000000000000000e+00
9.802678852531070675e+01 8.195015443480802367e-03 0.000000000000000000e+00
9.871229054295015715e+01 8.252323243783185255e-03 0.000000000000000000e+00
9.939779256058960755e+01 8.309631044085568144e-03 0.000000000000000000e+00
1.000832945782290437e+02 8.366938844387951033e-03 0.000000000000000000e+00
1.007687965958684941e+02 8.424246644690333921e-03 0.000000000000000000e+00
1.014542986135079445e+02 8.481554444992720279e-03 0.000000000000000000e+00
1.021398006311473807e+02 8.538862245295103168e-03 0.000000000000000000e+00
1.028253026487868311e+02 8.596170045597489526e-03 0.000000000000000000e+00
1.035108046664262815e+02 8.653477845899872414e-03 0.000000000000000000e+00
1.041963066840657177e+02 8.710785646202255303e-03 0.000000000000000000e+00
1.048818087017051681e+02 8.768093446504639926e-03 0.000000000000000000e+00
1.055673107193446043e+02 8.825401246807022815e-03 0.000000000000000000e+00
1.062528127369840547e+02 8.882709047109403969e-03 0.000000000000000000e+00
1.069383147546235051e+02 8.940016847411788592e-03 0.000000000000000000e+00
1.076238167722629413e+02 8.997324647714173215e-03 0.000000000000000000e+00
1.083093187899023917e+02 9.054632448016554369e-03 0.000000000000000000e+00
1.089948208075418421e+02 9.111940248318938992e-03 0.000000000000000000e+00
1.096803228251812783e+02 9.169248048621323616e-03 0.000000000000000000e+00
1.103658248428207287e+02 9.226555848923706504e-03 0.000000000000000000e+00
1.110513268604601791e+02 9.283863649226092862e-03 0.000000000000000000e+00
1.117368288780996153e+02 9.341171449528474016e-03 0.000000000000000000e+00
1.124223308957390657e+02 9.398479249830858639e-03 0.000000000000000000e+00
1.131078329133785019e+02 9.455787050133243263e-03 0.000000000000000000e+00
1.137933349310179523e+02 9.513094850435626151e-03 0.000000000000000000e+00
1.144788369486574027e+02 9.570402650738010775e-03 0.000000000000000000e+00
1.151643389662968389e+02 9.627710451040393663e-03 0.000000000000000000e+00
1.158498409839362893e+02 9.685018251342778287e-03 0.000000000000000000e+00
1.165353430015757397e+02 9.742326051645161175e-03 0.000000000000000000e+00
1.172208450192151759e+02 9.799633851947542329e-03 0.000000000000000000e+00
1.179063470368546263e+02 9.856941652249925218e-03 0.000000000000000000e+00
1.185918490544940624e+02 9.914249452552315045e-03 0.000000000000000000e+00
1.192773510721335128e+02 9.971557252854694464e-03 0.000000000000000000e+00
1.199628530897729632e+02 1.002886505315708082e-02 0.000000000000000000e+00
1.206483551074123994e+02 1.008617285345946371e-02 0.000000000000000000e+00
1.213338571250518498e+02 1.014348065376184660e-02 0.000000000000000000e+00
1.220193591426913002e+02 1.020078845406422949e-02 0.000000000000000000e+00
1.227048611603307364e+02 1.025809625436661238e-02 0.000000000000000000e+00
1.233903631779701868e+02 1.031540405466899527e-02 0.000000000000000000e+00
1.240758651956096372e+02 1.037271185497137989e-02 0.000000000000000000e+00
1.247613672132490734e+02 1.043001965527376278e-02 0.000000000000000000e+00
1.254468692308885238e+02 1.048732745557614914e-02 0.000000000000000000e+00
1.261323712485279600e+02 1.054463525587853202e-02 0.000000000000000000e+00
1.268178732661674104e+02 1.060194305618091838e-02 0.000000000000000000e+00
1.275033752838068608e+02 1.065925085648329954e-02 0.000000000000000000e+00
1.281888773014462970e+02 1.071655865678568242e-02 0.000000000000000000e+00
1.288743793190857332e+02 1.077386645708806531e-02 0.000000000000000000e+00
1.295598813367251978e+02 1.083117425739045167e-02 0.000000000000000000e+00
1.302453833543646340e+02 1.088848205769283109e-02 0.000000000000000000e+00
1.309308853720040702e+02 1.094578985799521745e-02 0.000000000000000000e+00
1.316163873896435348e+02 1.100309765829760207e-02 0.000000000000000000e+00
1.323018894072829710e+02 1.106040545859998669e-02 0.000000000000000000e+00
1.329873914249224072e+02 1.111771325890236785e-02 0.000000000000000000e+00
1.336728934425618718e+02 1.117502105920475421e-02 0.000000000000000000e+00
1.343583954602013080e+02 1.123232885950713709e-02 0.000000000000000000e+00
1.350438974778407442e+02 1.128963665980951998e-02 0.000000000000000000e+00
1.357293994954802088e+02 1.134694446011190287e-02 0.000000000000000000e+00
1.364149015131196450e+02 1.140425226041428576e-02 0.000000000000000000e+00
1.371004035307590811e+02 1.146156006071666865e-02 0.000000000000000000e+00
1.377859055483985458e+02 1.151886786101905501e-02 0.000000000000000000e+00
1.384714075660379820e+02 1.157617566132143790e-02 0.000000000000000000e+00
1.391569095836774181e+02 1.163348346162382078e-02 0.000000000000000000e+00
1.398424116013168828e+02 1.169079126192620541e-02 0.000000000000000000e+00
1.405279136189563189e+02 1.174809906222858830e-02 0.000000000000000000e+00
1.412134156365957551e+02 1.180540686253097118e-02 0.000000000000000000e+00
1.418989176542351913e+02 1.186271466283335407e-02 0.000000000000000000e+00
1.425844196718746559e+02 1.192002246313574043e-02 0.000000000000000000e+00
1.432699216895140921e+02 1.197733026343812332e-02 0.000000000000000000e+00
1.439554237071535283e+02 1.203463806374050794e-02 0.000000000000000000e+00
1.446409257247929929e+02 1.209194586404289257e-02 0.000000000000000000e+00
1.453264277424324291e+02 1.214925366434527546e-02 0.000000000000000000e+00
1.460119297600718653e+02 1.220656146464765661e-02 0.000000000000000000e+00
1.466974317777113299e+02 1.226386926495004297e-02 0.000000000000000000e+00
1.473829337953507661e+02 1.232117706525242412e-02 0.000000000000000000e+00
1.480684358129902023e+02 1.237848486555480874e-02 0.000000000000000000e+00
1.487539378306296669e+02 1.243579266585719337e-02 0.000000000000000000e+00
1.494394398482691031e+02 1.249310046615957452e-02 0.000000000000000000e+00
1.501249418659085393e+02 1.255040826646196261e-02 0.000000000000000000e+00
1.508104438835480039e+02 1.260771606676434724e-02 0.000000000000000000e+00
1.514959459011874401e+02 1.266502386706672839e-02 0.000000000000000000e+00
1.521814479188268763e+02 1.272233166736911301e-02 0.000000000000000000e+00
1.528669499364663409e+02 1.277963946767149937e-02 0.000000000000000000e+00
1.535524519541057771e+02 1.283694726797387879e-02 0.000000000000000000e+00
1.542379539717452133e+02 1.289425506827626168e-02 0.000000000000000000e+00
1.549234559893846779e+02 1.295156286857864804e-02 0.000000000000000000e+00
1.556089580070241141e+02 1.300887066888102919e-02 0.000000000000000000e+00
1.562944600246635503e+02 1.306617846918341382e-02 0.000000000000000000e+00
1.569799620423029864e+02 1.312348626948579844e-02 0.000000000000000000e+00
1.576654640599424511e+02 1.318079406978818306e-02 0.000000000000000000e+00
1.583509660775818872e+02 1.323810187009056422e-02 0.000000000000000000e+00
1.590364680952213234e+02 1.329540967039294710e-02 0.000000000000000000e+00
1.597219701128607880e+02 1.335271747069533346e-02 0.000000000000000000e+00
1.604074721305002242e+02 1.341002527099771635e-02 0.000000000000000000e+00
1.610929741481396604e+02 1.346733307130010097e-02 0.000000000000000000e+00
1.617784761657791250e+02 1.352464087160248213e-02 0.000000000000000000e+00
1.624639781834185612e+02 1.358194867190486675e-02 0.000000000000000000e+00
1.631494802010579974e+02 1.363925647220724791e-02 0.000000000000000000e+00
1.638349822186974620e+02 1.369656427250963253e-02 0.000000000000000000e+00
1.645204842363368982e+02 1.375387207281202062e-02 0.000000000000000000e+00
1.652059862539763344e+02 1.381117987311439831e-02 0.000000000000000000e+00
1.658914882716157990e+02 1.386848767341678813e-02 0.000000000000000000e+00
1.665769902892552352e+02 1.392579547371916755e-02 0.000000000000000000e+00
1.672624923068946714e+02 1.398310327402155218e-02 0.000000000000000000e+00
1.679479943245341360e+02 1.404041107432393333e-02 0.000000000000000000e+00
1.686334963421735722e+02 1.409771887462632142e-02 0.000000000000000000e+00
1.693189983598130084e+02 1.415502667492870605e-02 0.000000000000000000e+00
1.700045003774524446e+02 1.421233447523108720e-02 0.000000000000000000e+00
1.706900023950919092e+02 1.426964227553347182e-02 0.000000000000000000e+00
1.713755044127313454e+02 1.432695007583585298e-02 0.000000000000000000e+00
1.720610064303707816e+02 1.438425787613823760e-02 0.000000000000000000e+00
1.727465084480102462e+02 1.444156567644062222e-02 0.000000000000000000e+00
1.734320104656496824e+02 1.449887347674300511e-02 0.000000000000000000e+00
1.741175124832891186e+02 1.455618127704538627e-02 0.000000000000000000e+00
1.748030145009285832e+02 1.461348907734777262e-02 0.000000000000000000e+00
1.754885165185680194e+02 1.467079687765015725e-02 0.000000000000000000e+00
1.761740185362074556e+02 1.472810467795254014e-02 0.000000000000000000e+00
1.768595205538469202e+02 1.478541247825492649e-02 0.000000000000000000e+00
1.775450225714863564e+02 1.484272027855730938e-02 0.000000000000000000e+00
1.782305245891257925e+02 1.490002807885969054e-02 0.000000000000000000e+00
1.789160266067652572e+02 1.495733587916207516e-02 0.000000000000000000e+00
1.796015286244046933e+02 1.501464367946445978e-02 0.000000000000000000e+00
1.802870306420441295e+02 1.507195147976684094e-02 0.000000000000000000e+00
1.809725326596835941e+02 1.512925928006922556e-02 0.000000000000000000e+00
1.816580346773230303e+02 1.518656708037160671e-02 0.000000000000000000e+00
1.823435366949624665e+02 1.524387488067399481e-02 0.000000000000000000e+00
1.830290387126019027e+02 1.530118268097637596e-02 0.000000000000000000e+00
1.837145407302413673e+02 1.535849048127876405e-02 0.000000000000000000e+00
1.844000427478808035e+02 1.541579828158114174e-02 0.000000000000000000e+00
1.850855447655202397e+02 1.547310608188352636e-02 0.000000000000000000e+00
1.857710467831597043e+02 1.553041388218590925e-02 0.000000000000000000e+00
1.864565488007991405e+02 1.558772168248829561e-02 0.000000000000000000e+00
1.871420508184385767e+02 1.564502948279067329e-02 0.000000000000000000e+00
1.878275528360780413e+02 1.570233728309306312e-02 0.000000000000000000e+00
1.885130548537174775e+02 1.575964508339544948e-02 0.000000000000000000e+00
1.891985568713569137e+02 1.581695288369782890e-02 0.000000000000000000e+00
1.898840588889963783e+02 1.587426068400021525e-02 0.000000000000000000e+00
1.905695609066358145e+02 1.593156848430260161e-02 0.000000000000000000e+00
1.912550629242752507e+02 1.598887628460498103e-02 0.000000000000000000e+00
1.919405649419147153e+02 1.604618408490736739e-02 0.000000000000000000e+00
1.926260669595541515e+02 1.610349188520974681e-02 0.000000000000000000e+00
1.933115689771935877e+02 1.616079968551212970e-02 0.000000000000000000e+00
1.939970709948330523e+02 1.621810748581451606e-02 0.000000000000000000e+00
1.946825730124724885e+02 1.627541528611690241e-02 0.000000000000000000e+00
1.953680750301119247e+02 1.633272308641928183e-02 0.000000000000000000e+00
1.960535770477513609e+02 1.639003088672166472e-02 0.000000000000000000e+00
1.967390790653908255e+02 1.644733868702405108e-02 0.000000000000000000e+00
1.974245810830302617e+02 1.650464648732643397e-02 0.000000000000000000e+00
1.981100831006696978e+02 1.656195428762881686e-02 0.000000000000000000e+00
1.987955851183091625e+02 1.661926208793119975e-02 0.000000000000000000e+00
1.994810871359485986e+02 1.667656988823358263e-02 0.000000000000000000e+00
2.001665891535880348e+02 1.673387768853596552e-02 0.000000000000000000e+00
2.008520911712274994e+02 1.679118548883835188e-02 0.000000000000000000e+00
2.015375931888669356e+02 1.684849328914073824e-02 0.000000000000000000e+00
2.022230952065063718e+02 1.690580108944311766e-02 0.000000000000000000e+00
2.029085972241458364e+02 1.696310888974550402e-02 0.000000000000000000e+00
2.035940992417852726e+02 1.702041669004788690e-02 0.000000000000000000e+00
2.042796012594247088e+02 1.707772449035026979e-02 0.000000000000000000e+00
2.049651032770641734e+02 1.713503229065265615e-02 0.000000000000000000e+00
2.056506052947036096e+02 1.719234009095503557e-02 0.000000000000000000e+00
2.063361073123430458e+02 1.724964789125742540e-02 0.000000000000000000e+00
2.070216093299825104e+02 1.730695569155980829e-02 0.000000000000000000e+00
2.077071113476219466e+02 1.736426349186219117e-02 0.000000000000000000e+00
2.083926133652613828e+02 1.742157129216457406e-02 0.000000000000000000e+00
2.090781153829008474e+02 1.747887909246696042e-02 0.000000000000000000e+00
2.097636174005402836e+02 1.753618689276933984e-02 0.000000000000000000e+00
2.104491194181797198e+02 1.759349469307172620e-02 0.000000000000000000e+00
2.111346214358191560e+02 1.765080249337410562e-02 0.000000000000000000e+00
2.118201234534586206e+02 1.770811029367648851e-02 0.000000000000000000e+00
2.125056254710980568e+02 1.776541809397887486e-02 0.000000000000000000e+00
2.131911274887374930e+02 1.782272589428125775e-02 0.000000000000000000e+00
2.138766295063769576e+02 1.788003369458364411e-02 0.000000000000000000e+00
2.145621315240163938e+02 1.793734149488602700e-02 0.000000000000000000e+00
2.152476335416558300e+02 1.799464929518840642e-02 0.000000000000000000e+00
2.159331355592952946e+02 1.805195709549079625e-02 0.000000000000000000e+00
2.166186375769347308e+02 1.810926489579317913e-02 0.000000000000000000e+00
2.173041395945741669e+02 1.816657269609555508e-02 0.000000000000000000e+00
2.179896416122136316e+02 1.822388049639794491e-02 0.000000000000000000e+00
2.186751436298530678e+02 1.828118829670032433e-02 0.000000000000000000e+00
2.193606456474925039e+02 1.833849609700271416e-02 0.000000000000000000e+00
2.200461476651319686e+02 1.839580389730509358e-02 0.000000000000000000e+00
2.207316496827714047e+02 1.845311169760747994e-02 0.000000000000000000e+00
2.214171517004108409e+02 1.851041949790986629e-02 0.000000000000000000e+00
2.221026537180503055e+02 1.856772729821224918e-02 0.000000000000000000e+00
2.227881557356897417e+02 1.862503509851462860e-02 0.000000000000000000e+00
2.234736577533291779e+02 1.868234289881701149e-02 0.000000000000000000e+00
2.241591597709686141e+02 1.873965069911939438e-02 0.000000000000000000e+00
2.248446617886080787e+02 1.879695849942177727e-02 0.000000000000000000e+00
2.255301638062475149e+02 1.885426629972416362e-02 0.000000000000000000e+00
2.262156658238869511e+02 1.891157410002654651e-02 0.000000000000000000e+00
2.269011678415264157e+02 1.896888190032893287e-02 0.000000000000000000e+00
2.275866698591658519e+02 1.902618970063131576e-02 0.000000000000000000e+00
2.282721718768052881e+02 1.908349750093369865e-02 0.000000000000000000e+00
2.289576738944447527e+02 1.914080530123608848e-02 0.000000000000000000e+00
2.296431759120841889e+02 1.919811310153846790e-02 0.000000000000000000e+00
2.303286779297236251e+02 1.925542090184085078e-02 0.000000000000000000e+00
2.310141799473630897e+02 1.931272870214323714e-02 0.000000000000000000e+00
2.316996819650025259e+02 1.937003650244561656e-02 0.000000000000000000e+00
2.323851839826419621e+02 1.942734430274800292e-02 0.000000000000000000e+00
2.330706860002814267e+02 1.948465210305038928e-02 0.000000000000000000e+00
2.337561880179208629e+02 1.954195990335276523e-02 0.000000000000000000e+00
2.344416900355602991e+02 1.959926770365515158e-02 0.000000000000000000e+00
2.351271920531997637e+02 1.965657550395753794e-02 0.000000000000000000e+00
2.358126940708391999e+02 1.971388330425992083e-02 0.000000000000000000e+00
2.364981960884786361e+02 1.977119110456230719e-02 0.000000000000000000e+00
2.371836981061180722e+02 1.982849890486468314e-02 0.000000000000000000e+00
2.378692001237575369e+02 1.988580670516707297e-02 0.000000000000000000e+00
2.385547021413969730e+02 1.994311450546945239e-02 0.000000000000000000e+00
2.392402041590364092e+02 2.000042230577183874e-02 0.000000000000000000e+00
2.399257061766758738e+02 2.005773010607422163e-02 0.000000000000000000e+00
2.406112081943153100e+02 2.011503790637660452e-02 0.000000000000000000e+00
2.412967102119547462e+02 2.017234570667898741e-02 0.000000000000000000e+00
2.419822122295942108e+02 2.022965350698137724e-02 0.000000000000000000e+00
2.426677142472336470e+02 2.028696130728375666e-02 0.000000000000000000e+00
2.433532162648730832e+02 2.034426910758614301e-02 0.000000000000000000e+00
2.440387182825125478e+02 2.040157690788852590e-02 0.000000000000000000e+00
2.447242203001519840e+02 2.045888470819090185e-02 0.000000000000000000e+00
2.454097223177914202e+02 2.051619250849329168e-02 0.000000000000000000e+00
2.460952243354308848e+02 2.057350030879567457e-02 0.000000000000000000e+00
2.467807263530703210e+02 2.063080810909806093e-02 0.000000000000000000e+00
2.474662283707097572e+02 2.068811590940044035e-02 0.000000000000000000e+00
2.481517303883492218e+02 2.074542370970283017e-02 0.000000000000000000e+00
2.488372324059886580e+02 2.080273151000520959e-02 0.000000000000000000e+00
2.495227344236280942e+02 2.086003931030759248e-02 0.000000000000000000e+00
2.502082364412675304e+02 2.091734711060997537e-02 0.000000000000000000e+00
2.508937384589069950e+02 2.097465491091236520e-02 0.000000000000000000e+00
2.515792404765464312e+02 2.103196271121474115e-02 0.000000000000000000e+00
2.522647424941858674e+02 2.108927051151712403e-02 0.000000000000000000e+00
2.529502445118253320e+02 2.114657831181951386e-02 0.000000000000000000e+00
2.536357465294647682e+02 2.120388611212189675e-02 0.000000000000000000e+00
2.543212485471042044e+02 2.126119391242427964e-02 0.000000000000000000e+00
2.550067505647436690e+02 2.131850171272666253e-02 0.000000000000000000e+00
2.556922525823831052e+02 2.137580951302904195e-02 0.000000000000000000e+00
2.563777546000225698e+02 2.143311731333143177e-02 0.000000000000000000e+00
2.570632566176620344e+02 2.149042511363381466e-02 0.000000000000000000e+00
2.577487586353014422e+02 2.154773291393619755e-02 0.000000000000000000e+00
2.584342606529409068e+02 2.160504071423858044e-02 0.000000000000000000e+00
2.591197626705803714e+02 2.166234851454097027e-02 0.000000000000000000e+00
2.598052646882197791e+02 2.171965631484334622e-02 0.000000000000000000e+00
2.604907667058592438e+02 2.177696411514573605e-02 0.000000000000000000e+00
2.611762687234987084e+02 2.183427191544811893e-02 0.000000000000000000e+00
2.618617707411381161e+02 2.189157971575049488e-02 0.000000000000000000e+00
2.625472727587775807e+02 2.194888751605288471e-02 0.000000000000000000e+00
2.632327747764170454e+02 2.200619531635527454e-02 0.000000000000000000e+00
2.639182767940564531e+02 2.206350311665765396e-02 0.000000000000000000e+00
2.646037788116959177e+02 2.212081091696003338e-02 0.000000000000000000e+00
2.652892808293353824e+02 2.217811871726242320e-02 0.000000000000000000e+00
2.659747828469747901e+02 2.223542651756479915e-02 0.000000000000000000e+00
2.666602848646142547e+02 2.229273431786718898e-02 0.000000000000000000e+00
2.673457868822537193e+02 2.235004211816957187e-02 0.000000000000000000e+00
2.680312888998931271e+02 2.240734991847195129e-02 0.000000000000000000e+00
2.687167909175325917e+02 2.246465771877434112e-02 0.000000000000000000e+00
2.694022929351720563e+02 2.252196551907672400e-02 0.000000000000000000e+00
2.700877949528114641e+02 2.257927331937910689e-02 0.000000000000000000e+00
2.707732969704509287e+02 2.263658111968148978e-02 0.000000000000000000e+00
2.714587989880903933e+02 2.269388891998387961e-02 0.000000000000000000e+00
2.721443010057298011e+02 2.275119672028625556e-02 0.000000000000000000e+00
2.728298030233692657e+02 2.280850452058863845e-02 0.000000000000000000e+00
2.735153050410087303e+02 2.286581232089102828e-02 0.000000000000000000e+00
2.742008070586481381e+02 2.292312012119340423e-02 0.000000000000000000e+00
2.748863090762876027e+02 2.298042792149579405e-02 0.000000000000000000e+00
2.755718110939270673e+02 2.303773572179817694e-02 0.000000000000000000e+00
2.762573131115664751e+02 2.309504352210055983e-02 0.000000000000000000e+00
2.769428151292059397e+02 2.315235132240294272e-02 0.000000000000000000e+00
2.776283171468454043e+02 2.320965912270532908e-02 0.000000000000000000e+00
2.783138191644848121e+02 2.326696692300770503e-02 0.000000000000000000e+00
2.789993211821242767e+02 2.332427472331009138e-02 0.000000000000000000e+00
2.796848231997637413e+02 2.338158252361248121e-02 0.000000000000000000e+00
2.803703252174031491e+02 2.343889032391486063e-02 0.000000000000000000e+00
2.810558272350426137e+02 2.349619812421724699e-02 0.000000000000000000e+00
2.817413292526820783e+02 2.355350592451963335e-02 0.000000000000000000e+00
2.824268312703214860e+02 2.361081372482200930e-02 0.000000000000000000e+00
2.831123332879609507e+02 2.366812152512439912e-02 0.000000000000000000e+00
2.837978353056003584e+02 2.372542932542677507e-02 0.000000000000000000e+00
2.844833373232398230e+02 2.378273712572916490e-02 0.000000000000000000e+00
2.851688393408792876e+02 2.384004492603154779e-02 0.000000000000000000e+00
2.858543413585186954e+02 2.389735272633392721e-02 0.000000000000000000e+00
2.865398433761581600e+02 2.395466052663631704e-02 0.000000000000000000e+00
2.872253453937976246e+02 2.401196832693869646e-02 0.000000000000000000e+00
2.879108474114370324e+02 2.406927612724108281e-02 0.000000000000000000e+00
2.885963494290764970e+02 2.412658392754346917e-02 0.000000000000000000e+00
2.892818514467159616e+02 2.418389172784584859e-02 0.000000000000000000e+00
2.899673534643553694e+02 2.424119952814823495e-02 0.000000000000000000e+00
2.906528554819948340e+02 2.429850732845061437e-02 0.000000000000000000e+00
2.913383574996342986e+02 2.435581512875300073e-02 0.000000000000000000e+00
2.920238595172737064e+02 2.441312292905538014e-02 0.000000000000000000e+00
2.927093615349131710e+02 2.447043072935776650e-02 0.000000000000000000e+00
2.933948635525526356e+02 2.452773852966015286e-02 0.000000000000000000e+00
2.940803655701920434e+02 2.458504632996253575e-02 0.000000000000000000e+00
2.947658675878315080e+02 2.464235413026491517e-02 0.000000000000000000e+00
2.954513696054709726e+02 2.469966193056729806e-02 0.000000000000000000e+00
2.961368716231103804e+02 2.475696973086968442e-02 0.000000000000000000e+00
2.968223736407498450e+02 2.481427753117206730e-02 0.000000000000000000e+00
2.975078756583893096e+02 2.487158533147445366e-02 0.000000000000000000e+00
2.981933776760287174e+02 2.492889313177682961e-02 0.000000000000000000e+00
2.988788796936681820e+02 2.498620093207921597e-02 0.000000000000000000e+00
2.995643817113076466e+02 2.504350873238160580e-02 0.000000000000000000e+00
3.002498837289470544e+02 2.510081653268398522e-02 0.000000000000000000e+00
3.009353857465865190e+02 2.515812433298637504e-02 0.000000000000000000e+00
3.016208877642259836e+02 2.521543213328875446e-02 0.000000000000000000e+00
3.023063897818653913e+02 2.527273993359113735e-02 0.000000000000000000e+00
3.029918917995048560e+02 2.533004773389352024e-02 0.000000000000000000e+00
3.036773938171443206e+02 2.538735553419591007e-02 0.000000000000000000e+00
3.043628958347837283e+02 2.544466333449828255e-02 0.000000000000000000e+00
3.050483978524231929e+02 2.550197113480067584e-02 0.000000000000000000e+00
3.057338998700626576e+02 2.555927893510305526e-02 0.000000000000000000e+00
3.064194018877020653e+02 2.561658673540543815e-02 0.000000000000000000e+00
3.071049039053415299e+02 2.567389453570782451e-02 0.000000000000000000e+00
3.077904059229809945e+02 2.573120233601020740e-02 0.000000000000000000e+00
3.084759079406204023e+02 2.578851013631259376e-02 0.000000000000000000e+00
3.091614099582598669e+02 2.584581793661497665e-02 0.000000000000000000e+00
3.098469119758993315e+02 2.590312573691736300e-02 0.000000000000000000e+00
3.105324139935387393e+02 2.596043353721973895e-02 0.000000000000000000e+00
3.112179160111782039e+02 2.601774133752212531e-02 0.000000000000000000e+00
3.119034180288176117e+02 2.607504913782450820e-02 0.000000000000000000e+00
3.125889200464570763e+02 2.613235693812689456e-02 0.000000000000000000e+00
3.132744220640965409e+02 2.618966473842927745e-02 0.000000000000000000e+00
3.139599240817359487e+02 2.624697253873166033e-02 0.000000000000000000e+00
3.146454260993754133e+02 2.630428033903404669e-02 0.000000000000000000e+00
3.153309281170148779e+02 2.636158813933642958e-02 0.000000000000000000e+00
3.160164301346542857e+02 2.641889593963880900e-02 0.000000000000000000e+00
3.167019321522937503e+02 2.647620373994119189e-02 0.000000000000000000e+00
3.173874341699332149e+02 2.653351154024357825e-02 0.000000000000000000e+00
3.180729361875726227e+02 2.659081934054596114e-02 0.000000000000000000e+00
3.187584382052120873e+02 2.664812714084834402e-02 0.000000000000000000e+00
3.194439402228515519e+02 2.670543494115073385e-02 0.000000000000000000e+00
3.201294422404909596e+02 2.676274274145311674e-02 0.000000000000000000e+00
3.208149442581304243e+02 2.682005054175549963e-02 0.000000000000000000e+00
3.215004462757698889e+02 2.687735834205787905e-02 0.000000000000000000e+00
3.221859482934092966e+02 2.693466614236026888e-02 0.000000000000000000e+00
3.228714503110487613e+02 2.699197394266264829e-02 0.000000000000000000e+00
3.235569523286882259e+02 2.704928174296503118e-02 0.000000000000000000e+00
3.242424543463276336e+02 2.710658954326741407e-02 0.000000000000000000e+00
3.249279563639670982e+02 2.716389734356980043e-02 0.000000000000000000e+00
3.256134583816065629e+02 2.722120514387218332e-02 0.000000000000000000e+00
3.262989603992459706e+02 2.727851294417456274e-02 0.000000000000000000e+00
3.269844624168854352e+02 2.733582074447695257e-02 0.000000000000000000e+00
3.276699644345248998e+02 2.739312854477933892e-02 0.000000000000000000e+00
3.283554664521643076e+02 2.745043634508171487e-02 0.000000000000000000e+00
3.290409684698037722e+02 2.750774414538410817e-02 0.000000000000000000e+00
3.297264704874432368e+02 2.756505194568648759e-02 0.000000000000000000e+00
3.304119725050826446e+02 2.762235974598887048e-02 0.000000000000000000e+00
3.310974745227221092e+02 2.767966754629125684e-02 0.000000000000000000e+00
3.317829765403615738e+02 2.773697534659363972e-02 0.000000000000000000e+00
3.324684785580009816e+02 2.779428314689602261e-02 0.000000000000000000e+00
3.331539805756404462e+02 2.785159094719840203e-02 0.000000000000000000e+00
3.338394825932799108e+02 2.790889874750079186e-02 0.000000000000000000e+00
3.345249846109193186e+02 2.796620654780317128e-02 0.000000000000000000e+00
3.352104866285587832e+02 2.802351434810555764e-02 0.000000000000000000e+00
3.358959886461982478e+02 2.808082214840793706e-02 0.000000000000000000e+00
3.365814906638376556e+02 2.813812994871032341e-02 0.000000000000000000e+00
3.372669926814771202e+02 2.819543774901270977e-02 0.000000000000000000e+00
3.379524946991165280e+02 2.825274554931509266e-02 0.000000000000000000e+00
3.386379967167559926e+02 2.831005334961747208e-02 0.000000000000000000e+00
3.393234987343954572e+02 2.836736114991986191e-02 0.000000000000000000e+00
3.400090007520348649e+02 2.842466895022223786e-02 0.000000000000000000e+00
3.406945027696743296e+02 2.848197675052462421e-02 0.000000000000000000e+00
3.413800047873137942e+02 2.853928455082700710e-02 0.000000000000000000e+00
3.420655068049532019e+02 2.859659235112939346e-02 0.000000000000000000e+00
3.427510088225926665e+02 2.865390015143177635e-02 0.000000000000000000e+00
3.434365108402321312e+02 2.871120795173416271e-02 0.000000000000000000e+00
3.441220128578715389e+02 2.876851575203654213e-02 0.000000000000000000e+00
3.448075148755110035e+02 2.882582355233892502e-02 0.000000000000000000e+00
3.454930168931504681e+02 2.888313135264131137e-02 0.000000000000000000e+00
3.461785189107898759e+02 2.894043915294369079e-02 0.000000000000000000e+00
3.468640209284293405e+02 2.899774695324607715e-02 0.000000000000000000e+00
3.475495229460688051e+02 2.905505475354845657e-02 0.000000000000000000e+00
3.482350249637082129e+02 2.911236255385083946e-02 0.000000000000000000e+00
3.489205269813476775e+02 2.916967035415322582e-02 0.000000000000000000e+00
3.496060289989871421e+02 2.922697815445561564e-02 0.000000000000000000e+00
3.502915310166265499e+02 2.928428595475800200e-02 0.000000000000000000e+00
3.509770330342660145e+02 2.934159375506038489e-02 0.000000000000000000e+00
3.516625350519054791e+02 2.939890155536276431e-02 0.000000000000000000e+00
3.523480370695448869e+02 2.945620935566514026e-02 0.000000000000000000e+00
3.530335390871843515e+02 2.951351715596753356e-02 0.000000000000000000e+00
3.537190411048238161e+02 2.957082495626991644e-02 0.000000000000000000e+00
3.544045431224632239e+02 2.962813275657229586e-02 0.000000000000000000e+00
3.550900451401026885e+02 2.968544055687467875e-02 0.000000000000000000e+00
3.557755471577421531e+02 2.974274835717706511e-02 0.000000000000000000e+00
3.564610491753815609e+02 2.980005615747944800e-02 0.000000000000000000e+00
3.571465511930210255e+02 2.985736395778183089e-02 0.000000000000000000e+00
3.578320532106604901e+02 2.991467175808422418e-02 0.000000000000000000e+00
3.585175552282998979e+02 2.997197955838660013e-02 0.000000000000000000e+00
3.592030572459393625e+02 3.002928735868898649e-02 0.000000000000000000e+00
3.598885592635788271e+02 3.008659515899137285e-02 0.000000000000000000e+00
3.605740612812182349e+02 3.014390295929375574e-02 0.000000000000000000e+00
3.612595632988576995e+02 3.020121075959613169e-02 0.000000000000000000e+00
3.619450653164971641e+02 3.025851855989852499e-02 0.000000000000000000e+00
3.626305673341365718e+02 3.031582636020090440e-02 0.000000000000000000e+00
3.633160693517760365e+02 3.037313416050328729e-02 0.000000000000000000e+00
3.640015713694155011e+02 3.043044196080567018e-02 0.000000000000000000e+00
3.646870733870549088e+02 3.048774976110805654e-02 0.000000000000000000e+00
3.653725754046943734e+02 3.054505756141044290e-02 0.000000000000000000e+00
3.660580774223337812e+02 3.060236536171281885e-02 0.000000000000000000e+00
3.667435794399732458e+02 3.065967316201520174e-02 0.000000000000000000e+00
3.674290814576127104e+02 3.071698096231758809e-02 0.000000000000000000e+00
3.681145834752521182e+02 3.077428876261997098e-02 0.000000000000000000e+00
3.688000854928915828e+02 3.083159656292235387e-02 0.000000000000000000e+00
3.694855875105310474e+02 3.088890436322473329e-02 0.000000000000000000e+00
3.701710895281704552e+02 3.094621216352712312e-02 0.000000000000000000e+00
3.708565915458099198e+02 3.100351996382950254e-02 0.000000000000000000e+00
3.715420935634493844e+02 3.106082776413188543e-02 0.000000000000000000e+00
3.722275955810887922e+02 3.111813556443427178e-02 0.000000000000000000e+00
3.729130975987282568e+02 3.117544336473665814e-02 0.000000000000000000e+00
3.735985996163677214e+02 3.123275116503904797e-02 0.000000000000000000e+00
3.742841016340071292e+02 3.129005896534142045e-02 0.000000000000000000e+00
3.749696036516465938e+02 3.134736676564380681e-02 0.000000000000000000e+00
3.756551056692860584e+02 3.140467456594620010e-02 0.000000000000000000e+00
3.763406076869254662e+02 3.146198236624857952e-02 0.000000000000000000e+00
3.770261097045649308e+02 3.151929016655095894e-02 0.000000000000000000e+00
3.777116117222043954e+02 3.157659796685334530e-02 0.000000000000000000e+00
3.783971137398438032e+02 3.163390576715572472e-02 0.000000000000000000e+00
3.790826157574832678e+02 3.169121356745811108e-02 0.000000000000000000e+00
3.797681177751227324e+02 3.174852136776049050e-02 0.000000000000000000e+00
3.804536197927621402e+02 3.180582916806288379e-02 0.000000000000000000e+00
3.811391218104016048e+02 3.186313696836526321e-02 0.000000000000000000e+00
3.818246238280410694e+02 3.192044476866764957e-02 0.000000000000000000e+00
3.825101258456804771e+02 3.197775256897002899e-02 0.000000000000000000e+00
3.831956278633199418e+02 3.203506036927241535e-02 0.000000000000000000e+00
3.838811298809594064e+02 3.209236816957480171e-02 0.000000000000000000e+00
3.845666318985988141e+02 3.214967596987717419e-02 0.000000000000000000e+00
3.852521339162382787e+02 3.220698377017956054e-02 0.000000000000000000e+00
3.859376359338777434e+02 3.226429157048194690e-02 0.000000000000000000e+00
3.866231379515171511e+02 3.232159937078432632e-02 0.000000000000000000e+00
3.873086399691566157e+02 3.237890717108671268e-02 0.000000000000000000e+00
3.879941419867960803e+02 3.243621497138909904e-02 0.000000000000000000e+00
3.886796440044354881e+02 3.249352277169148540e-02 0.000000000000000000e+00
3.893651460220749527e+02 3.255083057199386481e-02 0.000000000000000000e+00
3.900506480397144173e+02 3.260813837229625117e-02 0.000000000000000000e+00
3.907361500573538251e+02 3.266544617259863059e-02 0.000000000000000000e+00
3.914216520749932897e+02 3.272275397290101695e-02 0.000000000000000000e+00
3.921071540926326975e+02 3.278006177320338943e-02 0.000000000000000000e+00
3.927926561102721621e+02 3.283736957350578273e-02 0.000000000000000000e+00
3.934781581279116267e+02 3.289467737380816909e-02 0.000000000000000000e+00
3.941636601455510345e+02 3.295198517411054850e-02 0.000000000000000000e+00
3.948491621631904991e+02 3.300929297441293486e-02 0.000000000000000000e+00
3.955346641808299637e+02 3.306660077471532122e-02 0.000000000000000000e+00
3.962201661984693715e+02 3.312390857501770758e-02 0.000000000000000000e+00
3.969056682161088361e+02 3.318121637532008006e-02 0.000000000000000000e+00
3.975911702337483007e+02 3.323852417562248029e-02 0.000000000000000000e+00
3.982766722513877085e+02 3.329583197592484584e-02 0.000000000000000000e+00
3.989621742690271731e+02 3.335313977622723913e-02 0.000000000000000000e+00
3.996476762866666377e+02 3.341044757652961855e-02 0.000000000000000000e+00
4.003331783043060454e+02 3.346775537683199797e-02 0.000000000000000000e+00
4.010186803219455101e+02 3.352506317713438433e-02 0.000000000000000000e+00
4.017041823395849747e+02 3.358237097743677069e-02 0.000000000000000000e+00
4.023896843572243824e+02 3.363967877773915011e-02 0.000000000000000000e+00
4.030751863748638470e+02 3.369698657804154340e-02 0.000000000000000000e+00
4.037606883925033117e+02 3.375429437834392282e-02 0.000000000000000000e+00
4.044461904101427194e+02 3.381160217864630224e-02 0.000000000000000000e+00
4.051316924277821840e+02 3.386890997894869554e-02 0.000000000000000000e+00
4.058171944454216487e+02 3.392621777925106802e-02 0.000000000000000000e+00
4.065026964630610564e+02 3.398352557955345438e-02 0.000000000000000000e+00
4.071881984807005210e+02 3.404083337985583380e-02 0.000000000000000000e+00
4.078737004983399856e+02 3.409814118015823403e-02 0.000000000000000000e+00
4.085592025159793934e+02 3.415544898046060651e-02 0.000000000000000000e+00
4.092447045336188580e+02 3.421275678076299287e-02 0.000000000000000000e+00
4.099302065512583226e+02 3.427006458106538617e-02 0.000000000000000000e+00
4.106157085688977304e+02 3.432737238136776559e-02 0.000000000000000000e+00
4.113012105865371950e+02 3.438468018167014500e-02 0.000000000000000000e+00
4.119867126041766596e+02 3.444198798197253136e-02 0.000000000000000000e+00
4.126722146218160674e+02 3.449929578227491772e-02 0.000000000000000000e+00
4.133577166394555320e+02 3.455660358257729714e-02 0.000000000000000000e+00
4.140432186570949966e+02 3.461391138287968350e-02 0.000000000000000000e+00
4.147287206747344044e+02 3.467121918318206292e-02 0.000000000000000000e+00
4.154142226923738690e+02 3.472852698348444234e-02 0.000000000000000000e+00
4.160997247100133336e+02 3.478583478378683563e-02 0.000000000000000000e+00
4.167852267276527414e+02 3.484314258408920811e-02 0.000000000000000000e+00
4.174707287452922060e+02 3.490045038439160141e-02 0.000000000000000000e+00
4.181562307629316706e+02 3.495775818469398777e-02 0.000000000000000000e+00
4.188417327805710784e+02 3.501506598499636719e-02 0.000000000000000000e+00
4.195272347982105430e+02 3.507237378529874661e-02 0.000000000000000000e+00
4.202127368158499507e+02 3.512968158560112603e-02 0.000000000000000000e+00
4.208982388334894154e+02 3.518698938590351932e-02 0.000000000000000000e+00
4.215837408511288800e+02 3.524429718620589180e-02 0.000000000000000000e+00
4.222692428687682877e+02 3.530160498650827816e-02 0.000000000000000000e+00
4.229547448864077523e+02 3.535891278681066452e-02 0.000000000000000000e+00
4.236402469040472170e+02 3.541622058711304394e-02 0.000000000000000000e+00
4.243257489216866247e+02 3.547352838741543030e-02 0.000000000000000000e+00
4.250112509393260893e+02 3.553083618771781665e-02 0.000000000000000000e+00
4.256967529569655539e+02 3.558814398802020301e-02 0.000000000000000000e+00
4.263822549746049617e+02 3.564545178832257549e-02 0.000000000000000000e+00
4.270677569922444263e+02 3.570275958862496879e-02 0.000000000000000000e+00
4.277532590098838909e+02 3.576006738892734821e-02 0.000000000000000000e+00
4.284387610275232987e+02 3.581737518922972763e-02 0.000000000000000000e+00
4.291242630451627633e+02 3.587468298953212092e-02 0.000000000000000000e+00
4.298097650628022279e+02 3.593199078983450728e-02 0.000000000000000000e+00
4.304952670804416357e+02 3.598929859013687976e-02 0.000000000000000000e+00
4.311807690980811003e+02 3.604660639043926612e-02 0.000000000000000000e+00
4.318662711157205649e+02 3.610391419074165248e-02 0.000000000000000000e+00
4.325517731333599727e+02 3.616122199104403190e-02 0.000000000000000000e+00
4.332372751509994373e+02 3.621852979134642520e-02 0.000000000000000000e+00
4.339227771686389019e+02 3.627583759164881155e-02 0.000000000000000000e+00
4.346082791862783097e+02 3.633314539195119097e-02 0.000000000000000000e+00
4.352937812039177743e+02 3.639045319225357039e-02 0.000000000000000000e+00
4.359792832215572389e+02 3.644776099255596369e-02 0.000000000000000000e+00
4.366647852391966467e+02 3.650506879285834311e-02 0.000000000000000000e+00
4.373502872568361113e+02 3.656237659316071559e-02 0.000000000000000000e+00
4.380357892744755759e+02 3.661968439346310888e-02 0.000000000000000000e+00
4.387212912921149837e+02 3.667699219376549524e-02 0.000000000000000000e+00
4.394067933097544483e+02 3.673429999406787466e-02 0.000000000000000000e+00
4.400922953273939129e+02 3.679160779437025408e-02 0.000000000000000000e+00
4.407777973450333207e+02 3.684891559467264738e-02 0.000000000000000000e+00
4.414632993626727853e+02 3.690622339497502680e-02 0.000000000000000000e+00
4.421488013803122499e+02 3.696353119527741315e-02 0.000000000000000000e+00
4.428343033979516576e+02 3.702083899557978564e-02 0.000000000000000000e+00
4.435198054155911223e+02 3.707814679588217893e-02 0.000000000000000000e+00
4.442053074332305869e+02 3.713545459618456529e-02 0.000000000000000000e+00
4.448908094508699946e+02 3.719276239648693777e-02 0.000000000000000000e+00
4.455763114685094592e+02 3.725007019678932413e-02 0.000000000000000000e+00
4.462618134861488670e+02 3.730737799709171049e-02 0.000000000000000000e+00
4.469473155037883316e+02 3.736468579739409684e-02 0.000000000000000000e+00
4.476328175214277962e+02 3.742199359769646932e-02 0.000000000000000000e+00
4.483183195390672040e+02 3.747930139799885568e-02 0.000000000000000000e+00
4.490038215567066686e+02 3.753660919830124898e-02 0.000000000000000000e+00
4.496893235743461332e+02 3.759391699860362840e-02 0.000000000000000000e+00
4.503748255919855410e+02 3.765122479890600782e-02 0.000000000000000000e+00
4.510603276096250056e+02 3.770853259920839418e-02 0.000000000000000000e+00
4.517458296272644702e+02 3.776584039951078053e-02 0.000000000000000000e+00
4.524313316449038780e+02 3.782314819981315995e-02 0.000000000000000000e+00
4.531168336625433426e+02 3.788045600011554631e-02 0.000000000000000000e+00
4.538023356801828072e+02 3.793776380041793267e-02 0.000000000000000000e+00
4.544878376978222150e+02 3.799507160072031209e-02 0.000000000000000000e+00
4.551733397154616796e+02 3.805237940102269845e-02 0.000000000000000000e+00
4.558588417331011442e+02 3.810968720132508480e-02 0.000000000000000000e+00
4.565443437507405520e+02 3.816699500162747116e-02 0.000000000000000000e+00
4.572298457683800166e+02 3.822430280192985058e-02 0.000000000000000000e+00
4.579153477860194812e+02 3.828161060223223694e-02 0.000000000000000000e+00
4.586008498036588890e+02 3.833891840253461636e-02 0.000000000000000000e+00
4.592863518212983536e+02 3.839622620283700272e-02 0.000000000000000000e+00
4.599718538389378182e+02 3.845353400313938907e-02 0.000000000000000000e+00
4.606573558565772259e+02 3.851084180344176849e-02 0.000000000000000000e+00
4.613428578742166906e+02 3.856814960374414791e-02 0.000000000000000000e+00
4.620283598918561552e+02 3.862545740404654121e-02 0.000000000000000000e+00
4.627138619094955629e+02 3.868276520434892063e-02 0.000000000000000000e+00
4.633993639271350276e+02 3.874007300465130005e-02 0.000000000000000000e+00
4.640848659447744922e+02 3.879738080495368641e-02 0.000000000000000000e+00
4.647703679624138999e+02 3.885468860525607276e-02 0.000000000000000000e+00
4.654558699800533645e+02 3.891199640555845218e-02 0.000000000000000000e+00
4.661413719976928292e+02 3.896930420586085242e-02 0.000000000000000000e+00
4.668268740153322369e+02 3.902661200616321796e-02 0.000000000000000000e+00
4.675123760329717015e+02 3.908391980646559738e-02 0.000000000000000000e+00
4.681978780506111661e+02 3.914122760676799068e-02 0.000000000000000000e+00
4.688833800682505739e+02 3.919853540707037010e-02 0.000000000000000000e+00
4.695688820858900385e+02 3.925584320737275645e-02 0.000000000000000000e+00
4.702543841035295031e+02 3.931315100767514281e-02 0.000000000000000000e+00
4.709398861211689109e+02 3.937045880797752917e-02 0.000000000000000000e+00
4.716253881388083755e+02 3.942776660827990165e-02 0.000000000000000000e+00
4.723108901564478401e+02 3.948507440858229495e-02 0.000000000000000000e+00
4.729963921740872479e+02 3.954238220888466743e-02 0.000000000000000000e+00
4.736818941917267125e+02 3.959969000918704685e-02 0.000000000000000000e+00
4.743673962093661203e+02 3.965699780948944014e-02 0.000000000000000000e+00
4.750528982270055849e+02 3.971430560979182650e-02 0.000000000000000000e+00
4.757384002446450495e+02 3.977161341009420592e-02 0.000000000000000000e+00
4.764239022622844573e+02 3.982892121039658534e-02 0.000000000000000000e+00
4.771094042799239219e+02 3.988622901069897864e-02 0.000000000000000000e+00
4.777949062975633865e+02 3.994353681100136499e-02 0.000000000000000000e+00
4.784804083152027943e+02 4.000084461130373747e-02 0.000000000000000000e+00
4.791659103328422589e+02 4.005815241160612383e-02 0.000000000000000000e+00
4.798514123504817235e+02 4.011546021190851713e-02 0.000000000000000000e+00
4.805369143681211312e+02 4.017276801221089655e-02 0.000000000000000000e+00
4.812224163857605959e+02 4.023007581251328291e-02 0.000000000000000000e+00
4.819079184034000605e+02 4.028738361281565539e-02 0.000000000000000000e+00
4.825934204210394682e+02 4.034469141311804868e-02 0.000000000000000000e+00
4.832789224386789328e+02 4.040199921342042810e-02 0.000000000000000000e+00
4.839644244563183975e+02 4.045930701372281446e-02 0.000000000000000000e+00
4.846499264739578052e+02 4.051661481402520082e-02 0.000000000000000000e+00
4.853354284915972698e+02 4.057392261432758024e-02 0.000000000000000000e+00
4.860209305092367345e+02 4.063123041462997354e-02 0.000000000000000000e+00
4.867064325268761422e+02 4.068853821493234602e-02 0.000000000000000000e+00
4.873919345445156068e+02 4.074584601523473237e-02 0.000000000000000000e+00
4.880774365621550714e+02 4.080315381553711873e-02 0.000000000000000000e+00
4.887629385797944792e+02 4.086046161583949121e-02 0.000000000000000000e+00
4.894484405974339438e+02 4.091776941614187757e-02 0.000000000000000000e+00
4.901339426150734084e+02 4.097507721644427087e-02 0.000000000000000000e+00
4.908194446327128162e+02 4.103238501674665029e-02 0.000000000000000000e+00
4.915049466503522808e+02 4.108969281704902277e-02 0.000000000000000000e+00
4.921904486679917454e+02 4.114700061735142300e-02 0.000000000000000000e+00
4.928759506856311532e+02 4.120430841765380242e-02 0.000000000000000000e+00
4.935614527032706178e+02 4.126161621795618184e-02 0.000000000000000000e+00
4.942469547209100824e+02 4.131892401825856820e-02 0.000000000000000000e+00
4.949324567385494902e+02 4.137623181856095456e-02 0.000000000000000000e+00
4.956179587561889548e+02 4.143353961886333398e-02 0.000000000000000000e+00
4.963034607738284194e+02 4.149084741916572727e-02 0.000000000000000000e+00
4.969889627914678272e+02 4.154815521946811363e-02 0.000000000000000000e+00
4.976744648091072918e+02 4.160546301977048611e-02 0.000000000000000000e+00
4.983599668267467564e+02 4.166277082007287247e-02 0.000000000000000000e+00
4.990454688443861642e+02 4.172007862037524495e-02 0.000000000000000000e+00
4.997309708620256288e+02 4.177738642067764518e-02 0.000000000000000000e+00
5.004164728796650365e+02 4.183469422098001766e-02 0.000000000000000000e+00
5.011019748973045012e+02 4.189200202128240402e-02 0.000000000000000000e+00
5.017874769149439658e+02 4.194930982158479732e-02 0.000000000000000000e+00
5.024729789325833735e+02 4.200661762188717674e-02 0.000000000000000000e+00
5.031584809502228381e+02 4.206392542218955616e-02 0.000000000000000000e+00
5.038439829678623028e+02 4.212123322249194252e-02 0.000000000000000000e+00
5.045294849855017105e+02 4.217854102279432194e-02 0.000000000000000000e+00
5.052149870031411751e+02 4.223584882309670829e-02 0.000000000000000000e+00
5.059004890207806397e+02 4.229315662339910159e-02 0.000000000000000000e+00
5.065859910384200475e+02 4.235046442370148101e-02 0.000000000000000000e+00
5.072714930560595121e+02 4.240777222400385349e-02 0.000000000000000000e+00
5.079569950736989767e+02 4.246508002430623985e-02 0.000000000000000000e+00
5.086424970913383845e+02 4.252238782460863314e-02 0.000000000000000000e+00
5.093279991089778491e+02 4.257969562491101256e-02 0.000000000000000000e+00
5.100135011266173137e+02 4.263700342521339892e-02 0.000000000000000000e+00
5.106990031442567215e+02 4.269431122551577140e-02 0.000000000000000000e+00
5.113845051618961861e+02 4.275161902581815776e-02 0.000000000000000000e+00
5.120700071795355370e+02 4.280892682612054412e-02 0.000000000000000000e+00
5.127555091971750016e+02 4.286623462642293048e-02 0.000000000000000000e+00
5.134410112148144663e+02 4.292354242672530296e-02 0.000000000000000000e+00
5.141265132324539309e+02 4.298085022702768931e-02 0.000000000000000000e+00
5.148120152500933955e+02 4.303815802733008261e-02 0.000000000000000000e+00
5.154975172677327464e+02 4.309546582763244815e-02 0.000000000000000000e+00
5.161830192853722110e+02 4.315277362793484145e-02 0.000000000000000000e+00
5.168685213030116756e+02 4.321008142823721393e-02 0.000000000000000000e+00
5.175540233206511402e+02 4.326738922853960723e-02 0.000000000000000000e+00
5.182395253382906049e+02 4.332469702884199358e-02 0.000000000000000000e+00
5.189250273559300695e+02 4.338200482914437300e-02 0.000000000000000000e+00
5.196105293735694204e+02 4.343931262944674548e-02 0.000000000000000000e+00
5.202960313912088850e+02 4.349662042974913878e-02 0.000000000000000000e+00
5.209815334088483496e+02 4.355392823005152514e-02 0.000000000000000000e+00
5.216670354264878142e+02 4.361123603035391844e-02 0.000000000000000000e+00
5.223525374441272788e+02 4.366854383065628398e-02 0.000000000000000000e+00
5.230380394617667434e+02 4.372585163095868421e-02 0.000000000000000000e+00
5.237235414794060944e+02 4.378315943126104975e-02 0.000000000000000000e+00
5.244090434970455590e+02 4.384046723156344305e-02 0.000000000000000000e+00
5.250945455146850236e+02 4.389777503186582941e-02 0.000000000000000000e+00
5.257800475323244882e+02 4.395508283216820189e-02 0.000000000000000000e+00
5.264655495499639528e+02 4.401239063247059519e-02 0.000000000000000000e+00
5.271510515676034174e+02 4.406969843277298154e-02 0.000000000000000000e+00
5.278365535852427683e+02 4.412700623307536096e-02 0.000000000000000000e+00
5.285220556028822330e+02 4.418431403337774038e-02 0.000000000000000000e+00
5.292075576205216976e+02 4.424162183368012674e-02 0.000000000000000000e+00
5.298930596381611622e+02 4.429892963398252004e-02 0.000000000000000000e+00
5.305785616558006268e+02 4.435623743428491333e-02 0.000000000000000000e+00
5.312640636734400914e+02 4.441354523458727888e-02 0.000000000000000000e+00
5.319495656910794423e+02 4.447085303488965830e-02 0.000000000000000000e+00
5.326350677087189069e+02 4.452816083519203771e-02 0.000000000000000000e+00
5.333205697263583716e+02 4.458546863549443795e-02 0.000000000000000000e+00
5.340060717439978362e+02 4.464277643579681737e-02 0.000000000000000000e+00
5.346915737616373008e+02 4.470008423609919679e-02 0.000000000000000000e+00
5.353770757792767654e+02 4.475739203640159009e-02 0.000000000000000000e+00
5.360625777969161163e+02 4.481469983670396950e-02 0.000000000000000000e+00
5.367480798145555809e+02 4.487200763700634892e-02 0.000000000000000000e+00
5.374335818321950455e+02 4.492931543730872834e-02 0.000000000000000000e+00
5.381190838498345101e+02 4.498662323761111470e-02 0.000000000000000000e+00
5.388045858674739748e+02 4.504393103791350800e-02 0.000000000000000000e+00
5.394900878851134394e+02 4.510123883821588048e-02 0.000000000000000000e+00
5.401755899027527903e+02 4.515854663851827377e-02 0.000000000000000000e+00
5.408610919203922549e+02 4.521585443882064625e-02 0.000000000000000000e+00
5.415465939380317195e+02 4.527316223912303261e-02 0.000000000000000000e+00
5.422320959556711841e+02 4.533047003942541897e-02 0.000000000000000000e+00
5.429175979733106487e+02 4.538777783972781227e-02 0.000000000000000000e+00
5.436030999909499997e+02 4.544508564003019169e-02 0.000000000000000000e+00
5.442886020085894643e+02 4.550239344033256417e-02 0.000000000000000000e+00
5.449741040262289289e+02 4.555970124063495053e-02 0.000000000000000000e+00
5.456596060438683935e+02 4.561700904093734382e-02 0.000000000000000000e+00
5.463451080615078581e+02 4.567431684123972324e-02 0.000000000000000000e+00
5.470306100791473227e+02 4.573162464154210266e-02 0.000000000000000000e+00
5.477161120967866736e+02 4.578893244184448208e-02 0.000000000000000000e+00
5.484016141144261383e+02 4.584624024214686844e-02 0.000000000000000000e+00
5.490871161320656029e+02 4.590354804244925480e-02 0.000000000000000000e+00
5.497726181497050675e+02 4.596085584275163421e-02 0.000000000000000000e+00
5.504581201673445321e+02 4.601816364305402751e-02 0.000000000000000000e+00
5.511436221849839967e+02 4.607547144335641387e-02 0.000000000000000000e+00
5.518291242026233476e+02 4.613277924365878635e-02 0.000000000000000000e+00
5.525146262202628122e+02 4.619008704396117965e-02 0.000000000000000000e+00
5.532001282379022769e+02 4.624739484426355907e-02 0.000000000000000000e+00
5.538856302555417415e+02 4.630470264456594542e-02 0.000000000000000000e+00
5.545711322731812061e+02 4.636201044486833872e-02 0.000000000000000000e+00
5.552566342908206707e+02 4.641931824517071120e-02 0.000000000000000000e+00
5.559421363084600216e+02 4.647662604547309062e-02 0.000000000000000000e+00
5.566276383260994862e+02 4.653393384577547698e-02 0.000000000000000000e+00
5.573131403437389508e+02 4.659124164607785640e-02 0.000000000000000000e+00
5.579986423613784154e+02 4.664854944638024276e-02 0.000000000000000000e+00
5.586841443790178801e+02 4.670585724668263605e-02 0.000000000000000000e+00
5.593696463966573447e+02 4.676316504698501547e-02 0.000000000000000000e+00
5.600551484142966956e+02 4.682047284728738795e-02 0.000000000000000000e+00
5.607406504319361602e+02 4.687778064758978125e-02 0.000000000000000000e+00
5.614261524495756248e+02 4.693508844789216761e-02 0.000000000000000000e+00
5.621116544672150894e+02 4.699239624819454703e-02 0.000000000000000000e+00
5.627971564848545540e+02 4.704970404849693338e-02 0.000000000000000000e+00
5.634826585024940186e+02 4.710701184879931280e-02 0.000000000000000000e+00
5.641681605201333696e+02 4.716431964910169916e-02 0.000000000000000000e+00
5.648536625377728342e+02 4.722162744940407858e-02 0.000000000000000000e+00
5.655391645554122988e+02 4.727893524970646494e-02 0.000000000000000000e+00
5.662246665730517634e+02 4.733624305000884436e-02 0.000000000000000000e+00
5.669101685906912280e+02 4.739355085031123765e-02 0.000000000000000000e+00
5.675956706083305789e+02 4.745085865061361013e-02 0.000000000000000000e+00
5.682811726259700436e+02 4.750816645091598955e-02 0.000000000000000000e+00
5.689666746436095082e+02 4.756547425121837591e-02 0.000000000000000000e+00
5.696521766612489728e+02 4.762278205152076921e-02 0.000000000000000000e+00
5.703376786788884374e+02 4.768008985182314169e-02 0.000000000000000000e+00
5.710231806965279020e+02 4.773739765212554192e-02 0.000000000000000000e+00
5.717086827141672529e+02 4.779470545242790747e-02 0.000000000000000000e+00
5.723941847318067175e+02 4.785201325273030076e-02 0.000000000000000000e+00
5.730796867494461821e+02 4.790932105303268018e-02 0.000000000000000000e+00
5.737651887670856468e+02 4.796662885333507348e-02 0.000000000000000000e+00
5.744506907847251114e+02 4.802393665363745984e-02 0.000000000000000000e+00
5.751361928023645760e+02 4.808124445393983232e-02 0.000000000000000000e+00
5.758216948200039269e+02 4.813855225424221174e-02 0.000000000000000000e+00
5.765071968376433915e+02 4.819586005454460503e-02 0.000000000000000000e+00
5.771926988552828561e+02 4.825316785484699139e-02 0.000000000000000000e+00
5.778782008729223207e+02 4.831047565514936387e-02 0.000000000000000000e+00
5.785637028905617854e+02 4.836778345545176411e-02 0.000000000000000000e+00
5.792492049082012500e+02 4.842509125575413659e-02 0.000000000000000000e+00
5.799347069258406009e+02 4.848239905605652295e-02 0.000000000000000000e+00
5.806202089434800655e+02 4.853970685635890930e-02 0.000000000000000000e+00
5.813057109611195301e+02 4.859701465666129566e-02 0.000000000000000000e+00
5.819912129787589947e+02 4.865432245696367508e-02 0.000000000000000000e+00
5.826767149963984593e+02 4.871163025726606838e-02 0.000000000000000000e+00
5.833622170140379239e+02 4.876893805756845474e-02 0.000000000000000000e+00
5.840477190316772749e+02 4.882624585787082028e-02 0.000000000000000000e+00
5.847332210493167395e+02 4.888355365817320664e-02 0.000000000000000000e+00
5.854187230669562041e+02 4.894086145847559993e-02 0.000000000000000000e+00
5.861042250845956687e+02 4.899816925877797241e-02 0.000000000000000000e+00
5.867897271022351333e+02 4.905547705908035877e-02 0.000000000000000000e+00
5.874752291198745979e+02 4.911278485938274513e-02 0.000000000000000000e+00
5.881607311375139489e+02 4.917009265968512455e-02 0.000000000000000000e+00
5.888462331551534135e+02 4.922740045998750397e-02 0.000000000000000000e+00
5.895317351727928781e+02 4.928470826028989726e-02 0.000000000000000000e+00
5.902172371904323427e+02 4.934201606059226974e-02 0.000000000000000000e+00
5.909027392080718073e+02 4.939932386089466304e-02 0.000000000000000000e+00
5.915882412257112719e+02 4.945663166119705634e-02 0.000000000000000000e+00
5.922737432433506228e+02 4.951393946149942882e-02 0.000000000000000000e+00
5.929592452609900874e+02 4.957124726180180824e-02 0.000000000000000000e+00
5.936447472786295521e+02 4.962855506210420153e-02 0.000000000000000000e+00
5.943302492962690167e+02 4.968586286240658095e-02 0.000000000000000000e+00
5.950157513139084813e+02 4.974317066270896037e-02 0.000000000000000000e+00
5.957012533315478322e+02 4.980047846301134673e-02 0.000000000000000000e+00
5.963867553491872968e+02 4.985778626331372615e-02 0.000000000000000000e+00
5.970722573668267614e+02 4.991509406361611251e-02 0.000000000000000000e+00
5.977577593844662260e+02 4.997240186391849887e-02 0.000000000000000000e+00
5.984432614021056906e+02 5.002970966422089216e-02 0.000000000000000000e+00
5.991287634197451553e+02 5.008701746452326464e-02 0.000000000000000000e+00
5.998142654373845062e+02 5.014432526482563712e-02 0.000000000000000000e+00
6.004997674550239708e+02 5.020163306512803042e-02 0.000000000000000000e+00
6.011852694726634354e+02 5.025894086543042372e-02 0.000000000000000000e+00
6.018707714903029000e+02 5.031624866573280314e-02 0.000000000000000000e+00
6.025562735079423646e+02 5.037355646603518255e-02 0.000000000000000000e+00
6.032417755255818292e+02 5.043086426633756891e-02 0.000000000000000000e+00
6.039272775432211802e+02 5.048817206663994833e-02 0.000000000000000000e+00
6.046127795608606448e+02 5.054547986694232775e-02 0.000000000000000000e+00
6.052982815785001094e+02 5.060278766724472105e-02 0.000000000000000000e+00
6.059837835961395740e+02 5.066009546754709353e-02 0.000000000000000000e+00
6.066692856137790386e+02 5.071740326784948683e-02 0.000000000000000000e+00
6.073547876314185032e+02 5.077471106815188012e-02 0.000000000000000000e+00
6.080402896490578541e+02 5.083201886845425260e-02 0.000000000000000000e+00
6.087257916666973188e+02 5.088932666875663202e-02 0.000000000000000000e+00
6.094112936843367834e+02 5.094663446905902532e-02 0.000000000000000000e+00
6.100967957019762480e+02 5.100394226936140474e-02 0.000000000000000000e+00
6.107822977196157126e+02 5.106125006966379110e-02 0.000000000000000000e+00
6.114677997372551772e+02 5.111855786996617051e-02 0.000000000000000000e+00
6.121533017548945281e+02 5.117586567026854993e-02 0.000000000000000000e+00
6.128388037725339927e+02 5.123317347057093629e-02 0.000000000000000000e+00
6.135243057901734574e+02 5.129048127087332265e-02 0.000000000000000000e+00
6.142098078078129220e+02 5.134778907117570901e-02 0.000000000000000000e+00
6.148953098254523866e+02 5.140509687147808843e-02 0.000000000000000000e+00
6.155808118430918512e+02 5.146240467178048172e-02 0.000000000000000000e+00
6.162663138607312021e+02 5.151971247208286114e-02 0.000000000000000000e+00
6.169518158783706667e+02 5.157702027238523362e-02 0.000000000000000000e+00
6.176373178960101313e+02 5.163432807268761304e-02 0.000000000000000000e+00
6.183228199136495959e+02 5.169163587299000634e-02 0.000000000000000000e+00
6.190083219312890606e+02 5.174894367329239964e-02 0.000000000000000000e+00
6.196938239489285252e+02 5.180625147359478599e-02 0.000000000000000000e+00
6.203793259665678761e+02 5.186355927389716541e-02 0.000000000000000000e+00
6.210648279842073407e+02 5.192086707419953789e-02 0.000000000000000000e+00
6.217503300018468053e+02 5.197817487450193119e-02 0.000000000000000000e+00
6.224358320194862699e+02 5.203548267480431061e-02 0.000000000000000000e+00
6.231213340371257345e+02 5.209279047510670391e-02 0.000000000000000000e+00
6.238068360547650855e+02 5.215009827540908333e-02 0.000000000000000000e+00
6.244923380724045501e+02 5.220740607571144193e-02 0.000000000000000000e+00
6.251778400900440147e+02 5.226471387601384910e-02 0.000000000000000000e+00
6.258633421076834793e+02 5.232202167631622852e-02 0.000000000000000000e+00
6.265488441253229439e+02 5.237932947661861488e-02 0.000000000000000000e+00
6.272343461429624085e+02 5.243663727692099430e-02 0.000000000000000000e+00
6.279198481606017594e+02 5.249394507722337372e-02 0.000000000000000000e+00
6.286053501782412241e+02 5.255125287752576702e-02 0.000000000000000000e+00
6.292908521958806887e+02 5.260856067782814643e-02 0.000000000000000000e+00
6.299763542135201533e+02 5.266586847813053279e-02 0.000000000000000000e+00
6.306618562311596179e+02 5.272317627843291221e-02 0.000000000000000000e+00
6.313473582487990825e+02 5.278048407873530551e-02 0.000000000000000000e+00
6.320328602664384334e+02 5.283779187903767799e-02 0.000000000000000000e+00
6.327183622840778980e+02 5.289509967934005741e-02 0.000000000000000000e+00
6.334038643017173627e+02 5.295240747964243683e-02 0.000000000000000000e+00
6.340893663193568273e+02 5.300971527994483012e-02 0.000000000000000000e+00
6.347748683369962919e+02 5.306702308024721648e-02 0.000000000000000000e+00
6.354603703546357565e+02 5.312433088054960978e-02 0.000000000000000000e+00
6.361458723722751074e+02 5.318163868085197532e-02 0.000000000000000000e+00
6.368313743899145720e+02 5.323894648115436168e-02 0.000000000000000000e+00
6.375168764075540366e+02 5.329625428145676191e-02 0.000000000000000000e+00
6.382023784251935012e+02 5.335356208175913439e-02 0.000000000000000000e+00
6.388878804428329659e+02 5.341086988206152769e-02 0.000000000000000000e+00
6.395733824604724305e+02 5.346817768236390711e-02 0.000000000000000000e+00
6.402588844781117814e+02 5.352548548266627959e-02 0.000000000000000000e+00
6.409443864957512460e+02 5.358279328296867289e-02 0.000000000000000000e+00
6.416298885133907106e+02 5.364010108327105231e-02 0.000000000000000000e+00
6.423153905310301752e+02 5.369740888357343866e-02 0.000000000000000000e+00
6.430008925486696398e+02 5.375471668387582502e-02 0.000000000000000000e+00
6.436863945663091044e+02 5.381202448417821138e-02 0.000000000000000000e+00
6.443718965839484554e+02 5.386933228448059080e-02 0.000000000000000000e+00
6.450573986015879200e+02 5.392664008478297022e-02 0.000000000000000000e+00
6.457429006192273846e+02 5.398394788508534270e-02 0.000000000000000000e+00
6.464284026368668492e+02 5.404125568538774987e-02 0.000000000000000000e+00
6.471139046545063138e+02 5.409856348569012929e-02 0.000000000000000000e+00
6.477994066721457784e+02 5.415587128599250871e-02 0.000000000000000000e+00
6.484849086897851294e+02 5.421317908629489507e-02 0.000000000000000000e+00
6.491704107074245940e+02 5.427048688659727449e-02 0.000000000000000000e+00
6.498559127250640586e+02 5.432779468689965391e-02 0.000000000000000000e+00
6.505414147427035232e+02 5.438510248720204721e-02 0.000000000000000000e+00
6.512269167603429878e+02 5.444241028750441969e-02 0.000000000000000000e+00
6.519124187779823387e+02 5.449971808780679910e-02 0.000000000000000000e+00
6.525979207956218033e+02 5.455702588810919240e-02 0.000000000000000000e+00
6.532834228132612679e+02 5.461433368841157876e-02 0.000000000000000000e+00
6.539689248309007326e+02 5.467164148871397206e-02 0.000000000000000000e+00
6.546544268485401972e+02 5.472894928901633760e-02 0.000000000000000000e+00
6.553399288661796618e+02 5.478625708931872396e-02 0.000000000000000000e+00
6.560254308838190127e+02 5.484356488962110338e-02 0.000000000000000000e+00
6.567109329014584773e+02 5.490087268992348279e-02 0.000000000000000000e+00
6.573964349190979419e+02 5.495818049022587609e-02 0.000000000000000000e+00
6.580819369367374065e+02 5.501548829052826245e-02 0.000000000000000000e+00
6.587674389543768712e+02 5.507279609083065575e-02 0.000000000000000000e+00
6.594529409720163358e+02 5.513010389113303517e-02 0.000000000000000000e+00
6.601384429896556867e+02 5.518741169143541458e-02 0.000000000000000000e+00
6.608239450072951513e+02 5.524471949173778706e-02 0.000000000000000000e+00
6.615094470249346159e+02 5.530202729204018730e-02 0.000000000000000000e+00
6.621949490425740805e+02 5.535933509234255284e-02 0.000000000000000000e+00
6.628804510602135451e+02 5.541664289264495308e-02 0.000000000000000000e+00
6.635659530778530097e+02 5.547395069294733250e-02 0.000000000000000000e+00
6.642514550954923607e+02 5.553125849324970498e-02 0.000000000000000000e+00
6.649369571131318253e+02 5.558856629355209827e-02 0.000000000000000000e+00
6.656224591307712899e+02 5.564587409385447769e-02 0.000000000000000000e+00
6.663079611484107545e+02 5.570318189415687099e-02 0.000000000000000000e+00
6.669934631660502191e+02 5.576048969445925735e-02 0.000000000000000000e+00
6.676789651836896837e+02 5.581779749476163677e-02 0.000000000000000000e+00
6.683644672013290347e+02 5.587510529506400925e-02 0.000000000000000000e+00
6.690499692189684993e+02 5.593241309536640948e-02 0.000000000000000000e+00
6.697354712366079639e+02 5.598972089566876809e-02 0.000000000000000000e+00
6.704209732542474285e+02 5.604702869597116138e-02 0.000000000000000000e+00
6.711064752718868931e+02 5.610433649627354774e-02 0.000000000000000000e+00
6.717919772895263577e+02 5.616164429657594798e-02 0.000000000000000000e+00
6.724774793071657086e+02 5.621895209687832046e-02 0.000000000000000000e+00
6.731629813248051732e+02 5.627625989718069988e-02 0.000000000000000000e+00
6.738484833424446379e+02 5.633356769748308623e-02 0.000000000000000000e+00
6.745339853600841025e+02 5.639087549778547953e-02 0.000000000000000000e+00
6.752194873777235671e+02 5.644818329808786589e-02 0.000000000000000000e+00
6.759049893953629180e+02 5.650549109839023837e-02 0.000000000000000000e+00
6.765904914130023826e+02 5.656279889869261085e-02 0.000000000000000000e+00
6.772759934306418472e+02 5.662010669899500415e-02 0.000000000000000000e+00
6.779614954482813118e+02 5.667741449929738357e-02 0.000000000000000000e+00
6.786469974659207764e+02 5.673472229959977686e-02 0.000000000000000000e+00
6.793324994835602411e+02 5.679203009990214934e-02 0.000000000000000000e+00
6.800180015011995920e+02 5.684933790020454264e-02 0.000000000000000000e+00
6.807035035188390566e+02 5.690664570050691512e-02 0.000000000000000000e+00
6.813890055364785212e+02 5.696395350080931536e-02 0.000000000000000000e+00
6.820745075541179858e+02 5.702126130111169477e-02 0.000000000000000000e+00
6.827600095717574504e+02 5.707856910141408113e-02 0.000000000000000000e+00
6.834455115893969150e+02 5.713587690171644667e-02 0.000000000000000000e+00
6.841310136070362660e+02 5.719318470201883997e-02 0.000000000000000000e+00
6.848165156246757306e+02 5.725049250232121245e-02 0.000000000000000000e+00
6.855020176423151952e+02 5.730780030262360575e-02 0.000000000000000000e+00
6.861875196599546598e+02 5.736510810292599905e-02 0.000000000000000000e+00
6.868730216775941244e+02 5.742241590322837846e-02 0.000000000000000000e+00
6.875585236952335890e+02 5.747972370353076482e-02 0.000000000000000000e+00
6.882440257128729399e+02 5.753703150383314424e-02 0.000000000000000000e+00
6.889295277305124046e+02 5.759433930413551672e-02 0.000000000000000000e+00
6.896150297481518692e+02 5.765164710443791002e-02 0.000000000000000000e+00
6.903005317657913338e+02 5.770895490474031025e-02 0.000000000000000000e+00
6.909860337834307984e+02 5.776626270504268273e-02 0.000000000000000000e+00
6.916715358010702630e+02 5.782357050534507603e-02 0.000000000000000000e+00
6.923570378187096139e+02 5.788087830564743463e-02 0.000000000000000000e+00
6.930425398363490785e+02 5.793818610594982793e-02 0.000000000000000000e+00
6.937280418539885432e+02 5.799549390625220735e-02 0.000000000000000000e+00
6.944135438716280078e+02 5.805280170655459371e-02 0.000000000000000000e+00
6.950990458892674724e+02 5.811010950685698007e-02 0.000000000000000000e+00
6.957845479069069370e+02 5.816741730715937336e-02 0.000000000000000000e+00
6.964700499245462879e+02 5.822472510746174584e-02 0.000000000000000000e+00
6.971555519421857525e+02 5.828203290776413914e-02 0.000000000000000000e+00
6.978410539598252171e+02 5.833934070806651162e-02 0.000000000000000000e+00
6.985265559774646817e+02 5.839664850836889104e-02 0.000000000000000000e+00
6.992120579951041464e+02 5.845395630867129821e-02 0.000000000000000000e+00
6.998975600127436110e+02 5.851126410897367763e-02 0.000000000000000000e+00
7.005830620303829619e+02 5.856857190927605011e-02 0.000000000000000000e+00
7.012685640480224265e+02 5.862587970957842953e-02 0.000000000000000000e+00
7.019540660656618911e+02 5.868318750988080895e-02 0.000000000000000000e+00
7.026395680833013557e+02 5.874049531018320225e-02 0.000000000000000000e+00
7.033250701009408203e+02 5.879780311048558861e-02 0.000000000000000000e+00
7.040105721185801713e+02 5.885511091078795415e-02 0.000000000000000000e+00
7.046960741362196359e+02 5.891241871109034051e-02 0.000000000000000000e+00
7.053815761538591005e+02 5.896972651139274074e-02 0.000000000000000000e+00
7.060670781714985651e+02 5.902703431169511322e-02 0.000000000000000000e+00
7.067525801891380297e+02 5.908434211199750652e-02 0.000000000000000000e+00
7.074380822067774943e+02 5.914164991229988594e-02 0.000000000000000000e+00
7.081235842244168452e+02 5.919895771260227230e-02 0.000000000000000000e+00
7.088090862420563099e+02 5.925626551290465172e-02 0.000000000000000000e+00
7.094945882596957745e+02 5.931357331320704501e-02 0.000000000000000000e+00
7.101800902773352391e+02 5.937088111350942443e-02 0.000000000000000000e+00
7.108655922949747037e+02 5.942818891381181079e-02 0.000000000000000000e+00
7.115510943126141683e+02 5.948549671411419021e-02 0.000000000000000000e+00
7.122365963302535192e+02 5.954280451441656963e-02 0.000000000000000000e+00
7.129220983478929838e+02 5.960011231471895599e-02 0.000000000000000000e+00
7.136076003655324484e+02 5.965742011502133541e-02 0.000000000000000000e+00
7.142931023831719131e+02 5.971472791532372870e-02 0.000000000000000000e+00
7.149786044008113777e+02 5.977203571562610812e-02 0.000000000000000000e+00
7.156641064184508423e+02 5.982934351592848754e-02 0.000000000000000000e+00
7.163496084360901932e+02 5.988665131623087390e-02 0.000000000000000000e+00
7.170351104537296578e+02 5.994395911653325332e-02 0.000000000000000000e+00
7.177206124713691224e+02 6.000126691683564661e-02 0.000000000000000000e+00
7.184061144890085870e+02 6.005857471713803991e-02 0.000000000000000000e+00
7.190916165066480517e+02 6.011588251744041239e-02 0.000000000000000000e+00
7.197771185242875163e+02 6.017319031774280569e-02 0.000000000000000000e+00
7.204626205419268672e+02 6.023049811804517123e-02 0.000000000000000000e+00
7.211481225595663318e+02 6.028780591834755759e-02 0.000000000000000000e+00
7.218336245772057964e+02 6.034511371864995088e-02 0.000000000000000000e+00
7.225191265948452610e+02 6.040242151895231643e-02 0.000000000000000000e+00
7.232046286124847256e+02 6.045972931925470972e-02 0.000000000000000000e+00
7.238901306301241902e+02 6.051703711955710302e-02 0.000000000000000000e+00
7.245756326477635412e+02 6.057434491985947550e-02 0.000000000000000000e+00
7.252611346654030058e+02 6.063165272016186880e-02 0.000000000000000000e+00
7.259466366830424704e+02 6.068896052046424128e-02 0.000000000000000000e+00
7.266321387006819350e+02 6.074626832076663457e-02 0.000000000000000000e+00
7.273176407183213996e+02 6.080357612106901399e-02 0.000000000000000000e+00
7.280031427359608642e+02 6.086088392137140729e-02 0.000000000000000000e+00
7.286886447536002152e+02 6.091819172167377977e-02 0.000000000000000000e+00
7.293741467712396798e+02 6.097549952197616613e-02 0.000000000000000000e+00
7.300596487888791444e+02 6.103280732227853861e-02 0.000000000000000000e+00
7.307451508065186090e+02 6.109011512258093191e-02 0.000000000000000000e+00
7.314306528241580736e+02 6.114742292288331132e-02 0.000000000000000000e+00
7.321161548417974245e+02 6.120473072318568381e-02 0.000000000000000000e+00
7.328016568594368891e+02 6.126203852348807710e-02 0.000000000000000000e+00
7.334871588770763537e+02 6.131934632379047040e-02 0.000000000000000000e+00
7.341726608947158184e+02 6.137665412409284982e-02 0.000000000000000000e+00
7.348581629123552830e+02 6.143396192439523618e-02 0.000000000000000000e+00
7.355436649299947476e+02 6.149126972469762947e-02 0.000000000000000000e+00
7.362291669476340985e+02 6.154857752499999501e-02 0.000000000000000000e+00
7.369146689652735631e+02 6.160588532530238137e-02 0.000000000000000000e+00
7.376001709829130277e+02 6.166319312560476079e-02 0.000000000000000000e+00
7.382856730005524923e+02 6.172050092590715409e-02 0.000000000000000000e+00
7.389711750181919570e+02 6.177780872620953351e-02 0.000000000000000000e+00
7.396566770358314216e+02 6.183511652651192680e-02 0.000000000000000000e+00
7.403421790534707725e+02 6.189242432681431316e-02 0.000000000000000000e+00
7.410276810711102371e+02 6.194973212711667870e-02 0.000000000000000000e+00
7.417131830887497017e+02 6.200703992741906506e-02 0.000000000000000000e+00
7.423986851063891663e+02 6.206434772772146530e-02 0.000000000000000000e+00
7.430841871240286309e+02 6.212165552802384472e-02 0.000000000000000000e+00
7.437696891416680955e+02 6.217896332832621720e-02 0.000000000000000000e+00
7.444551911593074465e+02 6.223627112862860356e-02 0.000000000000000000e+00
7.451406931769469111e+02 6.229357892893098297e-02 0.000000000000000000e+00
7.458261951945863757e+02 6.235088672923337627e-02 0.000000000000000000e+00
7.465116972122258403e+02 6.240819452953575569e-02 0.000000000000000000e+00
7.471971992298653049e+02 6.246550232983812817e-02 0.000000000000000000e+00
7.478827012475047695e+02 6.252281013014053535e-02 0.000000000000000000e+00
7.485682032651441205e+02 6.258011793044290783e-02 0.000000000000000000e+00
7.492537052827835851e+02 6.263742573074529418e-02 0.000000000000000000e+00
7.499392073004230497e+02 6.269473353104766666e-02 0.000000000000000000e+00
7.506247093180625143e+02 6.275204133135005302e-02 0.000000000000000000e+00
7.513102113357019789e+02 6.280934913165243938e-02 0.000000000000000000e+00
7.519957133533414435e+02 6.286665693195482574e-02 0.000000000000000000e+00
7.526812153709807944e+02 6.292396473225719822e-02 0.000000000000000000e+00
7.533667173886202590e+02 6.298127253255959845e-02 0.000000000000000000e+00
7.540522194062597237e+02 6.303858033286198481e-02 0.000000000000000000e+00
7.547377214238991883e+02 6.309588813316435729e-02 0.000000000000000000e+00
7.554232234415386529e+02 6.315319593346675753e-02 0.000000000000000000e+00
7.561087254591780038e+02 6.321050373376911613e-02 0.000000000000000000e+00
7.567942274768174684e+02 6.326781153407150249e-02 0.000000000000000000e+00
7.574797294944569330e+02 6.332511933437390272e-02 0.000000000000000000e+00
7.581652315120963976e+02 6.338242713467628908e-02 0.000000000000000000e+00
7.588507335297358622e+02 6.343973493497866156e-02 0.000000000000000000e+00
7.595362355473753269e+02 6.349704273528104792e-02 0.000000000000000000e+00
7.602217375650146778e+02 6.355435053558342040e-02 0.000000000000000000e+00
7.609072395826541424e+02 6.361165833588582064e-02 0.000000000000000000e+00
7.615927416002936070e+02 6.366896613618819312e-02 0.000000000000000000e+00
7.622782436179330716e+02 6.372627393649057947e-02 0.000000000000000000e+00
7.629637456355725362e+02 6.378358173679297971e-02 0.000000000000000000e+00
7.636492476532120008e+02 6.384088953709535219e-02 0.000000000000000000e+00
7.643347496708513518e+02 6.389819733739772467e-02 0.000000000000000000e+00
7.650202516884908164e+02 6.395550513770011103e-02 0.000000000000000000e+00
7.657057537061302810e+02 6.401281293800248351e-02 0.000000000000000000e+00
7.663912557237697456e+02 6.407012073830488375e-02 0.000000000000000000e+00
7.670767577414092102e+02 6.412742853860727010e-02 0.000000000000000000e+00
7.677622597590486748e+02 6.418473633890965646e-02 0.000000000000000000e+00
7.684477617766880257e+02 6.424204413921202894e-02 0.000000000000000000e+00
7.691332637943274904e+02 6.429935193951441530e-02 0.000000000000000000e+00
7.698187658119669550e+02 6.435665973981678778e-02 0.000000000000000000e+00
7.705042678296064196e+02 6.441396754011918802e-02 0.000000000000000000e+00
7.711897698472458842e+02 6.447127534042156050e-02 0.000000000000000000e+00
7.718752718648853488e+02 6.452858314072396073e-02 0.000000000000000000e+00
7.725607738825246997e+02 6.458589094102633321e-02 0.000000000000000000e+00
7.732462759001641643e+02 6.464319874132871957e-02 0.000000000000000000e+00
7.739317779178036290e+02 6.470050654163110593e-02 0.000000000000000000e+00
7.746172799354430936e+02 6.475781434193347841e-02 0.000000000000000000e+00
7.753027819530825582e+02 6.481512214223585089e-02 0.000000000000000000e+00
7.759882839707220228e+02 6.487242994253826500e-02 0.000000000000000000e+00
7.766737859883613737e+02 6.492973774284063748e-02 0.000000000000000000e+00
7.773592880060008383e+02 6.498704554314302384e-02 0.000000000000000000e+00
7.780447900236403029e+02 6.504435334344541020e-02 0.000000000000000000e+00
7.787302920412797675e+02 6.510166114374778268e-02 0.000000000000000000e+00
7.794157940589192322e+02 6.515896894405016904e-02 0.000000000000000000e+00
7.801012960765586968e+02 6.521627674435256927e-02 0.000000000000000000e+00
7.807867980941980477e+02 6.527358454465491400e-02 0.000000000000000000e+00
7.814723001118375123e+02 6.533089234495731423e-02 0.000000000000000000e+00
7.821578021294769769e+02 6.538820014525971447e-02 0.000000000000000000e+00
7.828433041471164415e+02 6.544550794556208695e-02 0.000000000000000000e+00
7.835288061647559061e+02 6.550281574586448718e-02 0.000000000000000000e+00
7.842143081823952571e+02 6.556012354616684579e-02 0.000000000000000000e+00
7.848998102000347217e+02 6.561743134646923215e-02 0.000000000000000000e+00
7.855853122176741863e+02 6.567473914677163238e-02 0.000000000000000000e+00
7.862708142353136509e+02 6.573204694707401874e-02 0.000000000000000000e+00
7.869563162529531155e+02 6.578935474737639122e-02 0.000000000000000000e+00
7.876418182705925801e+02 6.584666254767877758e-02 0.000000000000000000e+00
7.883273202882319310e+02 6.590397034798115006e-02 0.000000000000000000e+00
7.890128223058713957e+02 6.596127814828355029e-02 0.000000000000000000e+00
7.896983243235108603e+02 6.601858594858593665e-02 0.000000000000000000e+00
7.903838263411503249e+02 6.607589374888829525e-02 0.000000000000000000e+00
7.910693283587897895e+02 6.613320154919069549e-02 0.000000000000000000e+00
7.917548303764292541e+02 6.619050934949308185e-02 0.000000000000000000e+00
7.924403323940686050e+02 6.624781714979545433e-02 0.000000000000000000e+00
7.931258344117080696e+02 6.630512495009784069e-02 0.000000000000000000e+00
7.938113364293475342e+02 6.636243275040021317e-02 0.000000000000000000e+00
7.944968384469869989e+02 6.641974055070262728e-02 0.000000000000000000e+00
7.951823404646264635e+02 6.647704835100499976e-02 0.000000000000000000e+00
7.958678424822659281e+02 6.653435615130738612e-02 0.000000000000000000e+00
7.965533444999052790e+02 6.659166395160977248e-02 0.000000000000000000e+00
7.972388465175447436e+02 6.664897175191214496e-02 0.000000000000000000e+00
7.979243485351842082e+02 6.670627955221451744e-02 0.000000000000000000e+00
7.986098505528236728e+02 6.676358735251691767e-02 0.000000000000000000e+00
7.992953525704631375e+02 6.682089515281929015e-02 0.000000000000000000e+00
7.999808545881026021e+02 6.687820295312169039e-02 0.000000000000000000e+00
8.006663566057419530e+02 6.693551075342406287e-02 0.000000000000000000e+00
8.013518586233814176e+02 6.699281855372644923e-02 0.000000000000000000e+00
8.020373606410208822e+02 6.705012635402883558e-02 0.000000000000000000e+00
8.027228626586603468e+02 6.710743415433120806e-02 0.000000000000000000e+00
8.034083646762998114e+02 6.716474195463362218e-02 0.000000000000000000e+00
8.040938666939392760e+02 6.722204975493599466e-02 0.000000000000000000e+00
8.047793687115786270e+02 6.727935755523835326e-02 0.000000000000000000e+00
8.054648707292180916e+02 6.733666535554075350e-02 0.000000000000000000e+00
8.061503727468575562e+02 6.739397315584313986e-02 0.000000000000000000e+00
8.068358747644970208e+02 6.745128095614552621e-02 0.000000000000000000e+00
8.075213767821364854e+02 6.750858875644789869e-02 0.000000000000000000e+00
8.082068787997759500e+02 6.756589655675028505e-02 0.000000000000000000e+00
8.088923808174153010e+02 6.762320435705264365e-02 0.000000000000000000e+00
8.095778828350547656e+02 6.768051215735505777e-02 0.000000000000000000e+00
8.102633848526942302e+02 6.773781995765744413e-02 0.000000000000000000e+00
8.109488868703336948e+02 6.779512775795983048e-02 0.000000000000000000e+00
8.116343888879731594e+02 6.785243555826220296e-02 0.000000000000000000e+00
8.123198909056125103e+02 6.790974335856458932e-02 0.000000000000000000e+00
8.130053929232519749e+02 6.796705115886696180e-02 0.000000000000000000e+00
8.136908949408914395e+02 6.802435895916934816e-02 0.000000000000000000e+00
8.143763969585309042e+02 6.808166675947174840e-02 0.000000000000000000e+00
8.150618989761703688e+02 6.813897455977413475e-02 0.000000000000000000e+00
8.157474009938098334e+02 6.819628236007650723e-02 0.000000000000000000e+00
8.164329030114491843e+02 6.825359016037889359e-02 0.000000000000000000e+00
8.171184050290886489e+02 6.831089796068127995e-02 0.000000000000000000e+00
8.178039070467281135e+02 6.836820576098363855e-02 0.000000000000000000e+00
8.184894090643675781e+02 6.842551356128605267e-02 0.000000000000000000e+00
8.191749110820070428e+02 6.848282136158842515e-02 0.000000000000000000e+00
8.198604130996465074e+02 6.854012916189081150e-02 0.000000000000000000e+00
8.205459151172858583e+02 6.859743696219318398e-02 0.000000000000000000e+00
8.212314171349253229e+02 6.865474476249557034e-02 0.000000000000000000e+00
8.219169191525647875e+02 6.871205256279795670e-02 0.000000000000000000e+00
8.226024211702042521e+02 6.876936036310034306e-02 0.000000000000000000e+00
8.232879231878437167e+02 6.882666816340274329e-02 0.000000000000000000e+00
8.239734252054831813e+02 6.888397596370512965e-02 0.000000000000000000e+00
8.246589272231225323e+02 6.894128376400748826e-02 0.000000000000000000e+00
8.253444292407619969e+02 6.899859156430987461e-02 0.000000000000000000e+00
8.260299312584014615e+02 6.905589936461226097e-02 0.000000000000000000e+00
8.267154332760409261e+02 6.911320716491463345e-02 0.000000000000000000e+00
8.274009352936803907e+02 6.917051496521704756e-02 0.000000000000000000e+00
8.280864373113198553e+02 6.922782276551942005e-02 0.000000000000000000e+00
8.287719393289592063e+02 6.928513056582180640e-02 0.000000000000000000e+00
8.294574413465986709e+02 6.934243836612417888e-02 0.000000000000000000e+00
8.301429433642381355e+02 6.939974616642656524e-02 0.000000000000000000e+00
8.308284453818776001e+02 6.945705396672895160e-02 0.000000000000000000e+00
8.315139473995170647e+02 6.951436176703133796e-02 0.000000000000000000e+00
8.321994494171565293e+02 6.957166956733372432e-02 0.000000000000000000e+00
8.328849514347958802e+02 6.962897736763608292e-02 0.000000000000000000e+00
8.335704534524353448e+02 6.968628516793849703e-02 0.000000000000000000e+00
8.342559554700748095e+02 6.974359296824086951e-02 0.000000000000000000e+00
8.349414574877142741e+02 6.980090076854325587e-02 0.000000000000000000e+00
8.356269595053537387e+02 6.985820856884562835e-02 0.000000000000000000e+00
8.363124615229932033e+02 6.991551636914802859e-02 0.000000000000000000e+00
8.369979635406325542e+02 6.997282416945040107e-02 0.000000000000000000e+00
8.376834655582720188e+02 7.003013196975278742e-02 0.000000000000000000e+00
8.383689675759114834e+02 7.008743977005517378e-02 0.000000000000000000e+00
8.390544695935509480e+02 7.014474757035754626e-02 0.000000000000000000e+00
8.397399716111904127e+02 7.020205537065993262e-02 0.000000000000000000e+00
8.404254736288297636e+02 7.025936317096230510e-02 0.000000000000000000e+00
8.411109756464692282e+02 7.031667097126470534e-02 0.000000000000000000e+00
8.417964776641086928e+02 7.037397877156707782e-02 0.000000000000000000e+00
8.424819796817481574e+02 7.043128657186945030e-02 0.000000000000000000e+00
8.431674816993876220e+02 7.048859437217185053e-02 0.000000000000000000e+00
8.438529837170270866e+02 7.054590217247425077e-02 0.000000000000000000e+00
8.445384857346664376e+02 7.060320997277662325e-02 0.000000000000000000e+00
8.452239877523059022e+02 7.066051777307899573e-02 0.000000000000000000e+00
8.459094897699453668e+02 7.071782557338139596e-02 0.000000000000000000e+00
8.465949917875848314e+02 7.077513337368375457e-02 0.000000000000000000e+00
8.472804938052242960e+02 7.083244117398615480e-02 0.000000000000000000e+00
8.479659958228637606e+02 7.088974897428854116e-02 0.000000000000000000e+00
8.486514978405031115e+02 7.094705677459091364e-02 0.000000000000000000e+00
8.493369998581425762e+02 7.100436457489330000e-02 0.000000000000000000e+00
8.500225018757820408e+02 7.106167237519570024e-02 0.000000000000000000e+00
8.507080038934215054e+02 7.111898017549807272e-02 0.000000000000000000e+00
8.513935059110609700e+02 7.117628797580044520e-02 0.000000000000000000e+00
8.520790079287004346e+02 7.123359577610284543e-02 0.000000000000000000e+00
8.527645099463397855e+02 7.129090357640521791e-02 0.000000000000000000e+00
8.534500119639792501e+02 7.134821137670761815e-02 0.000000000000000000e+00
8.541355139816187148e+02 7.140551917700999063e-02 0.000000000000000000e+00
8.548210159992581794e+02 7.146282697731237699e-02 0.000000000000000000e+00
8.555065180168976440e+02 7.152013477761474947e-02 0.000000000000000000e+00
8.561920200345371086e+02 7.157744257791714970e-02 0.000000000000000000e+00
