k, f, h2OmegaGW
7.347156167793151805e-09 1.604440516224390271e-13 3.119625962164016111e-47
4.198786945608000920e+00 9.169131213051403520e-05 1.858806963942501821e-14
8.397573883868846067e+00 1.833826241005840111e-04 7.312490500746631185e-14
1.259636082212969121e+01 2.750739360706540683e-04 1.173809258506860720e-13
1.679514776039053814e+01 3.667652480407239900e-04 3.612179508121068592e-13
2.099393469865138329e+01 4.584565600107940743e-04 3.238424248453281284e-13
2.519272163691222843e+01 5.501478719808639960e-04 3.922628061996698574e-13
2.939150857517307358e+01 6.418391839509339719e-04 4.692152521183078459e-13
3.359029551343391518e+01 7.335304959210039479e-04 4.316992748584307481e-13
3.778908245169476032e+01 8.252218078910740322e-04 4.741513071382817150e-13
4.198786938995560547e+01 9.169131198611440081e-04 4.925044103966347929e-13
4.618665632821645062e+01 1.008604431831213984e-03 4.716868049928537491e-13
5.038544326647729577e+01 1.100295743801283851e-03 5.311806511294438751e-13
5.458423020473814091e+01 1.191987055771353936e-03 6.299685921790848466e-13
5.878301714299898606e+01 1.283678367741423803e-03 8.064171156247251099e-13
6.298180408125983121e+01 1.375369679711493888e-03 1.026647688237406021e-12
6.718059101952067635e+01 1.467060991681563755e-03 1.281726310022218365e-12
7.137937795778151440e+01 1.558752303651633406e-03 1.495185711724761082e-12
7.557816489604236665e+01 1.650443615621703924e-03 1.609645301666452507e-12
7.977695183430321890e+01 1.742134927591773791e-03 1.525007864502899673e-12
8.397573877256405694e+01 1.833826239561843876e-03 1.419848376779388004e-12
8.817452571082489499e+01 1.925517551531913743e-03 1.049089714798224358e-12
9.237331264908574724e+01 2.017208863501983827e-03 8.601012854821225584e-13
9.657209958734659949e+01 2.108900175472053912e-03 4.493691653277620129e-13
1.007708865256074375e+02 2.200591487442123562e-03 1.630231193170000527e-13
1.049696734638682756e+02 2.292282799412193647e-03 8.142626311989822172e-14
1.091684604021291278e+02 2.383974111382264165e-03 5.322728065521698928e-14
1.133672473403899801e+02 2.475665423352334249e-03 2.760881345908878442e-14
1.175660342786508181e+02 2.567356735322403900e-03 2.200918878388015437e-14
1.217648212169116562e+02 2.659048047292473550e-03 1.331970712039611326e-14
1.259636081551725084e+02 2.750739359262543635e-03 9.439246837159892753e-15
1.301623950934333607e+02 2.842430671232613719e-03 5.842773617873001657e-15
1.343611820316941987e+02 2.934121983202684237e-03 4.048573440208706174e-15
1.385599689699550368e+02 3.025813295172753454e-03 2.695212720479568829e-15
1.427587559082158748e+02 3.117504607142822671e-03 1.284334160303099832e-15
1.469575428464767413e+02 3.209195919112894056e-03 9.850816098437327003e-16
1.511563297847375793e+02 3.300887231082963707e-03 4.273505646354934861e-16
1.553551167229984173e+02 3.392578543053033791e-03 1.369635317962546630e-16
1.595539036612592838e+02 3.484269855023103008e-03 5.369286175168634745e-17
1.637526905995201219e+02 3.575961166993173960e-03 8.149748108383538333e-18
1.679514775377809599e+02 3.667652478963244044e-03 2.627590605551618857e-18
1.721502644760417979e+02 3.759343790933313261e-03 1.699156779541484810e-19
1.763490514143026360e+02 3.851035102903383345e-03 0.000000000000000000e+00
1.805478383525635024e+02 3.942726414873452996e-03 0.000000000000000000e+00
1.847466252908243405e+02 4.034417726843523948e-03 0.000000000000000000e+00
1.889454122290851785e+02 4.126109038813593165e-03 0.000000000000000000e+00
1.931441991673460450e+02 4.217800350783664116e-03 0.000000000000000000e+00
1.973429861056068830e+02 4.309491662753733333e-03 0.000000000000000000e+00
2.015417730438677211e+02 4.401182974723803418e-03 0.000000000000000000e+00
2.057405599821285591e+02 4.492874286693873502e-03 0.000000000000000000e+00
2.099393469203893972e+02 4.584565598663943586e-03 0.000000000000000000e+00
2.141381338586502636e+02 4.676256910634014538e-03 0.000000000000000000e+00
2.183369207969111017e+02 4.767948222604083755e-03 0.000000000000000000e+00
2.225357077351719397e+02 4.859639534574152972e-03 0.000000000000000000e+00
2.267344946734328062e+02 4.951330846544223924e-03 0.000000000000000000e+00
2.309332816116936442e+02 5.043022158514293141e-03 0.000000000000000000e+00
2.351320685499544823e+02 5.134713470484364092e-03 0.000000000000000000e+00
2.393308554882153203e+02 5.226404782454433309e-03 0.000000000000000000e+00
2.435296424264761583e+02 5.318096094424503394e-03 0.000000000000000000e+00
2.477284293647370248e+02 5.409787406394573478e-03 0.000000000000000000e+00
2.519272163029978628e+02 5.501478718364643562e-03 0.000000000000000000e+00
2.561260032412587293e+02 5.593170030334712779e-03 0.000000000000000000e+00
2.603247901795195958e+02 5.684861342304785466e-03 0.000000000000000000e+00
2.645235771177804054e+02 5.776552654274853815e-03 0.000000000000000000e+00
2.687223640560412719e+02 5.868243966244924767e-03 0.000000000000000000e+00
2.729211509943021383e+02 5.959935278214993984e-03 0.000000000000000000e+00
2.771199379325629479e+02 6.051626590185063201e-03 0.000000000000000000e+00
2.813187248708238144e+02 6.143317902155135020e-03 0.000000000000000000e+00
2.855175118090846240e+02 6.235009214125203370e-03 0.000000000000000000e+00
2.897162987473454905e+02 6.326700526095273454e-03 0.000000000000000000e+00
2.939150856856063569e+02 6.418391838065345273e-03 0.000000000000000000e+00
2.981138726238671666e+02 6.510083150035413622e-03 0.000000000000000000e+00
3.023126595621280330e+02 6.601774462005485442e-03 0.000000000000000000e+00
3.065114465003888995e+02 6.693465773975553791e-03 0.000000000000000000e+00
3.107102334386497091e+02 6.785157085945623008e-03 0.000000000000000000e+00
3.149090203769105756e+02 6.876848397915693960e-03 0.000000000000000000e+00
3.191078073151714420e+02 6.968539709885764044e-03 0.000000000000000000e+00
3.233065942534322517e+02 7.060231021855834128e-03 0.000000000000000000e+00
3.275053811916931181e+02 7.151922333825904213e-03 0.000000000000000000e+00
3.317041681299539277e+02 7.243613645795973430e-03 0.000000000000000000e+00
3.359029550682147942e+02 7.335304957766043514e-03 0.000000000000000000e+00
3.401017420064756607e+02 7.426996269736114466e-03 0.000000000000000000e+00
3.443005289447364703e+02 7.518687581706184550e-03 0.000000000000000000e+00
3.484993158829973368e+02 7.610378893676254634e-03 0.000000000000000000e+00
3.526981028212581464e+02 7.702070205646322984e-03 0.000000000000000000e+00
3.568968897595190128e+02 7.793761517616392201e-03 0.000000000000000000e+00
3.610956766977798793e+02 7.885452829586464887e-03 0.000000000000000000e+00
3.652944636360406889e+02 7.977144141556534104e-03 0.000000000000000000e+00
3.694932505743015554e+02 8.068835453526603321e-03 0.000000000000000000e+00
3.736920375125624219e+02 8.160526765496674273e-03 0.000000000000000000e+00
3.778908244508232315e+02 8.252218077466741755e-03 0.000000000000000000e+00
3.820896113890840979e+02 8.343909389436814442e-03 0.000000000000000000e+00
3.862883983273449644e+02 8.435600701406881924e-03 0.000000000000000000e+00
3.904871852656057740e+02 8.527292013376954610e-03 0.000000000000000000e+00
3.946859722038666405e+02 8.618983325347023827e-03 0.000000000000000000e+00
3.988847591421274501e+02 8.710674637317093044e-03 0.000000000000000000e+00
4.030835460803883166e+02 8.802365949287165731e-03 0.000000000000000000e+00
4.072823330186491830e+02 8.894057261257234948e-03 0.000000000000000000e+00
4.114811199569099927e+02 8.985748573227302430e-03 0.000000000000000000e+00
4.156799068951708591e+02 9.077439885197375116e-03 0.000000000000000000e+00
4.198786938334316687e+02 9.169131197167442598e-03 0.000000000000000000e+00
4.240774807716925352e+02 9.260822509137513550e-03 0.000000000000000000e+00
4.282762677099534017e+02 9.352513821107582767e-03 0.000000000000000000e+00
4.324750546482142113e+02 9.444205133077655454e-03 0.000000000000000000e+00
4.366738415864750777e+02 9.535896445047724670e-03 0.000000000000000000e+00
4.408726285247359442e+02 9.627587757017793887e-03 0.000000000000000000e+00
4.450714154629967538e+02 9.719279068987863104e-03 0.000000000000000000e+00
4.492702024012576203e+02 9.810970380957935791e-03 0.000000000000000000e+00
4.534689893395184868e+02 9.902661692928001538e-03 0.000000000000000000e+00
4.576677762777792964e+02 9.994353004898074225e-03 0.000000000000000000e+00
4.618665632160401628e+02 1.008604431686814344e-02 0.000000000000000000e+00
4.660653501543009725e+02 1.017773562883821439e-02 0.000000000000000000e+00
4.702641370925618389e+02 1.026942694080828188e-02 0.000000000000000000e+00
4.744629240308227054e+02 1.036111825277835283e-02 0.000000000000000000e+00
4.786617109690835150e+02 1.045280956474842204e-02 0.000000000000000000e+00
4.828604979073443815e+02 1.054450087671849300e-02 0.000000000000000000e+00
4.870592848456051911e+02 1.063619218868856395e-02 0.000000000000000000e+00
4.912580717838660576e+02 1.072788350065863490e-02 0.000000000000000000e+00
4.954568587221269240e+02 1.081957481262870238e-02 0.000000000000000000e+00
4.996556456603877336e+02 1.091126612459876986e-02 0.000000000000000000e+00
5.038544325986486001e+02 1.100295743656884428e-02 0.000000000000000000e+00
5.080532195369094666e+02 1.109464874853891697e-02 0.000000000000000000e+00
5.122520064751702193e+02 1.118634006050898098e-02 0.000000000000000000e+00
5.164507934134310290e+02 1.127803137247905194e-02 0.000000000000000000e+00
5.206495803516919523e+02 1.136972268444912289e-02 0.000000000000000000e+00
5.248483672899527619e+02 1.146141399641919037e-02 0.000000000000000000e+00
5.290471542282135715e+02 1.155310530838926132e-02 0.000000000000000000e+00
5.332459411664744948e+02 1.164479662035933574e-02 0.000000000000000000e+00
5.374447281047353044e+02 1.173648793232940149e-02 0.000000000000000000e+00
5.416435150429961141e+02 1.182817924429947244e-02 0.000000000000000000e+00
5.458423019812570374e+02 1.191987055626954339e-02 0.000000000000000000e+00
5.500410889195178470e+02 1.201156186823961261e-02 0.000000000000000000e+00
5.542398758577786566e+02 1.210325318020968183e-02 0.000000000000000000e+00
5.584386627960395799e+02 1.219494449217975278e-02 0.000000000000000000e+00
5.626374497343003895e+02 1.228663580414982200e-02 0.000000000000000000e+00
5.668362366725611992e+02 1.237832711611989121e-02 0.000000000000000000e+00
5.710350236108220088e+02 1.247001842808996043e-02 0.000000000000000000e+00
5.752338105490829321e+02 1.256170974006003485e-02 0.000000000000000000e+00
5.794325974873437417e+02 1.265340105203010233e-02 0.000000000000000000e+00
5.836313844256045513e+02 1.274509236400017155e-02 0.000000000000000000e+00
5.878301713638654746e+02 1.283678367597024250e-02 0.000000000000000000e+00
5.920289583021262843e+02 1.292847498794031172e-02 0.000000000000000000e+00
5.962277452403870939e+02 1.302016629991038267e-02 0.000000000000000000e+00
6.004265321786480172e+02 1.311185761188045189e-02 0.000000000000000000e+00
6.046253191169088268e+02 1.320354892385052284e-02 0.000000000000000000e+00
6.088241060551696364e+02 1.329524023582058859e-02 0.000000000000000000e+00
6.130228929934305597e+02 1.338693154779066127e-02 0.000000000000000000e+00
6.172216799316913693e+02 1.347862285976073222e-02 0.000000000000000000e+00
6.214204668699521790e+02 1.357031417173080144e-02 0.000000000000000000e+00
6.256192538082131023e+02 1.366200548370087239e-02 0.000000000000000000e+00
6.298180407464739119e+02 1.375369679567094335e-02 0.000000000000000000e+00
6.340168276847347215e+02 1.384538810764101430e-02 0.000000000000000000e+00
6.382156146229956448e+02 1.393707941961108351e-02 0.000000000000000000e+00
6.424144015612564544e+02 1.402877073158115273e-02 0.000000000000000000e+00
6.466131884995172641e+02 1.412046204355122195e-02 0.000000000000000000e+00
6.508119754377780737e+02 1.421215335552128943e-02 0.000000000000000000e+00
6.550107623760389970e+02 1.430384466749136212e-02 0.000000000000000000e+00
6.592095493142998066e+02 1.439553597946142960e-02 0.000000000000000000e+00
6.634083362525606162e+02 1.448722729143150229e-02 0.000000000000000000e+00
6.676071231908215395e+02 1.457891860340157324e-02 0.000000000000000000e+00
6.718059101290823492e+02 1.467060991537164245e-02 0.000000000000000000e+00
6.760046970673431588e+02 1.476230122734171341e-02 0.000000000000000000e+00
6.802034840056040821e+02 1.485399253931178436e-02 0.000000000000000000e+00
6.844022709438648917e+02 1.494568385128185010e-02 0.000000000000000000e+00
6.886010578821257013e+02 1.503737516325192106e-02 0.000000000000000000e+00
6.927998448203866246e+02 1.512906647522199548e-02 0.000000000000000000e+00
6.969986317586474343e+02 1.522075778719206123e-02 0.000000000000000000e+00
7.011974186969082439e+02 1.531244909916213391e-02 0.000000000000000000e+00
7.053962056351690535e+02 1.540414041113219966e-02 0.000000000000000000e+00
7.095949925734299768e+02 1.549583172310227408e-02 0.000000000000000000e+00
7.137937795116907864e+02 1.558752303507233983e-02 0.000000000000000000e+00
7.179925664499515960e+02 1.567921434704241251e-02 0.000000000000000000e+00
7.221913533882125193e+02 1.577090565901248173e-02 0.000000000000000000e+00
7.263901403264733290e+02 1.586259697098255095e-02 0.000000000000000000e+00
7.305889272647341386e+02 1.595428828295262016e-02 0.000000000000000000e+00
7.347877142029950619e+02 1.604597959492269285e-02 0.000000000000000000e+00
7.389865011412558715e+02 1.613767090689275860e-02 0.000000000000000000e+00
7.431852880795166811e+02 1.622936221886283129e-02 0.000000000000000000e+00
7.473840750177776044e+02 1.632105353083290397e-02 0.000000000000000000e+00
7.515828619560384141e+02 1.641274484280297319e-02 0.000000000000000000e+00
7.557816488942992237e+02 1.650443615477303894e-02 0.000000000000000000e+00
7.599804358325601470e+02 1.659612746674311162e-02 0.000000000000000000e+00
7.641792227708209566e+02 1.668781877871318431e-02 0.000000000000000000e+00
7.683780097090817662e+02 1.677951009068325006e-02 0.000000000000000000e+00
7.725767966473426895e+02 1.687120140265332274e-02 0.000000000000000000e+00
7.767755835856034992e+02 1.696289271462339196e-02 0.000000000000000000e+00
7.809743705238643088e+02 1.705458402659346465e-02 0.000000000000000000e+00
7.851731574621251184e+02 1.714627533856353039e-02 0.000000000000000000e+00
7.893719444003860417e+02 1.723796665053359961e-02 0.000000000000000000e+00
7.935707313386468513e+02 1.732965796250367577e-02 0.000000000000000000e+00
7.977695182769076609e+02 1.742134927447373804e-02 0.000000000000000000e+00
8.019683052151685843e+02 1.751304058644381073e-02 0.000000000000000000e+00
8.061670921534293939e+02 1.760473189841388342e-02 0.000000000000000000e+00
8.103658790916902035e+02 1.769642321038394916e-02 0.000000000000000000e+00
8.145646660299511268e+02 1.778811452235402185e-02 0.000000000000000000e+00
8.187634529682119364e+02 1.787980583432409107e-02 0.000000000000000000e+00
8.229622399064727460e+02 1.797149714629416722e-02 0.000000000000000000e+00
8.271610268447336693e+02 1.806318845826422950e-02 0.000000000000000000e+00
8.313598137829944790e+02 1.815487977023430219e-02 0.000000000000000000e+00
8.355586007212552886e+02 1.824657108220437141e-02 0.000000000000000000e+00
8.397573876595160982e+02 1.833826239417443715e-02 0.000000000000000000e+00
8.439561745977770215e+02 1.842995370614450984e-02 0.000000000000000000e+00
8.481549615360378311e+02 1.852164501811458253e-02 0.000000000000000000e+00
8.523537484742986408e+02 1.861333633008465174e-02 0.000000000000000000e+00
8.565525354125595641e+02 1.870502764205472443e-02 0.000000000000000000e+00
8.607513223508203737e+02 1.879671895402479365e-02 0.000000000000000000e+00
8.649501092890811833e+02 1.888841026599486286e-02 0.000000000000000000e+00
8.691488962273421066e+02 1.898010157796493208e-02 0.000000000000000000e+00
8.733476831656029162e+02 1.907179288993500130e-02 0.000000000000000000e+00
8.775464701038637259e+02 1.916348420190506704e-02 0.000000000000000000e+00
8.817452570421246492e+02 1.925517551387513973e-02 0.000000000000000000e+00
8.859440439803854588e+02 1.934686682584521242e-02 0.000000000000000000e+00
8.901428309186462684e+02 1.943855813781528510e-02 0.000000000000000000e+00
8.943416178569071917e+02 1.953024944978535432e-02 0.000000000000000000e+00
8.985404047951680013e+02 1.962194076175542007e-02 0.000000000000000000e+00
9.027391917334288109e+02 1.971363207372549275e-02 0.000000000000000000e+00
9.069379786716897343e+02 1.980532338569556197e-02 0.000000000000000000e+00
9.111367656099505439e+02 1.989701469766562772e-02 0.000000000000000000e+00
9.153355525482113535e+02 1.998870600963570388e-02 0.000000000000000000e+00
9.195343394864721631e+02 2.008039732160577309e-02 0.000000000000000000e+00
9.237331264247330864e+02 2.017208863357583884e-02 0.000000000000000000e+00
9.279319133629938960e+02 2.026377994554591153e-02 0.000000000000000000e+00
9.321307003012547057e+02 2.035547125751598074e-02 0.000000000000000000e+00
9.363294872395156290e+02 2.044716256948604996e-02 0.000000000000000000e+00
9.405282741777764386e+02 2.053885388145611918e-02 0.000000000000000000e+00
9.447270611160372482e+02 2.063054519342618839e-02 0.000000000000000000e+00
9.489258480542981715e+02 2.072223650539626455e-02 0.000000000000000000e+00
9.531246349925589811e+02 2.081392781736633030e-02 0.000000000000000000e+00
9.573234219308197908e+02 2.090561912933639951e-02 0.000000000000000000e+00
9.615222088690807141e+02 2.099731044130647220e-02 0.000000000000000000e+00
9.657209958073415237e+02 2.108900175327654142e-02 0.000000000000000000e+00
9.699197827456023333e+02 2.118069306524661063e-02 0.000000000000000000e+00
9.741185696838631429e+02 2.127238437721667985e-02 0.000000000000000000e+00
9.783173566221240662e+02 2.136407568918675601e-02 0.000000000000000000e+00
9.825161435603848759e+02 2.145576700115682175e-02 0.000000000000000000e+00
9.867149304986456855e+02 2.154745831312688403e-02 0.000000000000000000e+00
9.909137174369066088e+02 2.163914962509696019e-02 0.000000000000000000e+00
9.951125043751674184e+02 2.173084093706702941e-02 0.000000000000000000e+00
9.993112913134282280e+02 2.182253224903710556e-02 0.000000000000000000e+00
1.003510078251689151e+03 2.191422356100717825e-02 0.000000000000000000e+00
1.007708865189949961e+03 2.200591487297724053e-02 0.000000000000000000e+00
1.011907652128210771e+03 2.209760618494730627e-02 0.000000000000000000e+00
1.016106439066471694e+03 2.218929749691738243e-02 0.000000000000000000e+00
1.020305226004732503e+03 2.228098880888745165e-02 0.000000000000000000e+00
1.024504012942993313e+03 2.237268012085751739e-02 0.000000000000000000e+00
1.028702799881254123e+03 2.246437143282759008e-02 0.000000000000000000e+00
1.032901586819514932e+03 2.255606274479765930e-02 0.000000000000000000e+00
1.037100373757775969e+03 2.264775405676773198e-02 0.000000000000000000e+00
1.041299160696036779e+03 2.273944536873780467e-02 0.000000000000000000e+00
1.045497947634297589e+03 2.283113668070787389e-02 0.000000000000000000e+00
1.049696734572558398e+03 2.292282799267793963e-02 0.000000000000000000e+00
1.053895521510819208e+03 2.301451930464801232e-02 0.000000000000000000e+00
1.058094308449080017e+03 2.310621061661807807e-02 0.000000000000000000e+00
1.062293095387341054e+03 2.319790192858815769e-02 0.000000000000000000e+00
1.066491882325601864e+03 2.328959324055822344e-02 0.000000000000000000e+00
1.070690669263862674e+03 2.338128455252829266e-02 0.000000000000000000e+00
1.074889456202123483e+03 2.347297586449835841e-02 0.000000000000000000e+00
1.079088243140384293e+03 2.356466717646843109e-02 0.000000000000000000e+00
1.083287030078645103e+03 2.365635848843850031e-02 0.000000000000000000e+00
1.087485817016905912e+03 2.374804980040856953e-02 0.000000000000000000e+00
1.091684603955166949e+03 2.383974111237864221e-02 0.000000000000000000e+00
1.095883390893427759e+03 2.393143242434871490e-02 0.000000000000000000e+00
1.100082177831688568e+03 2.402312373631877718e-02 0.000000000000000000e+00
1.104280964769949378e+03 2.411481504828885333e-02 0.000000000000000000e+00
1.108479751708210188e+03 2.420650636025891908e-02 0.000000000000000000e+00
1.112678538646470997e+03 2.429819767222899177e-02 0.000000000000000000e+00
1.116877325584732034e+03 2.438988898419906445e-02 0.000000000000000000e+00
1.121076112522992844e+03 2.448158029616913020e-02 0.000000000000000000e+00
1.125274899461253653e+03 2.457327160813920289e-02 0.000000000000000000e+00
1.129473686399514463e+03 2.466496292010926517e-02 0.000000000000000000e+00
1.133672473337775273e+03 2.475665423207934132e-02 0.000000000000000000e+00
1.137871260276036082e+03 2.484834554404941054e-02 0.000000000000000000e+00
1.142070047214296892e+03 2.494003685601947976e-02 0.000000000000000000e+00
1.146268834152557929e+03 2.503172816798955591e-02 0.000000000000000000e+00
1.150467621090818739e+03 2.512341947995962166e-02 0.000000000000000000e+00
1.154666408029079548e+03 2.521511079192968741e-02 0.000000000000000000e+00
1.158865194967340358e+03 2.530680210389976356e-02 0.000000000000000000e+00
1.163063981905601167e+03 2.539849341586982931e-02 0.000000000000000000e+00
1.167262768843861977e+03 2.549018472783990200e-02 0.000000000000000000e+00
1.171461555782123014e+03 2.558187603980997121e-02 0.000000000000000000e+00
1.175660342720383824e+03 2.567356735178003696e-02 0.000000000000000000e+00
1.179859129658644633e+03 2.576525866375010965e-02 0.000000000000000000e+00
1.184057916596905443e+03 2.585694997572018233e-02 0.000000000000000000e+00
1.188256703535166253e+03 2.594864128769024808e-02 0.000000000000000000e+00
1.192455490473427062e+03 2.604033259966031383e-02 0.000000000000000000e+00
1.196654277411688099e+03 2.613202391163039692e-02 0.000000000000000000e+00
1.200853064349948909e+03 2.622371522360046267e-02 0.000000000000000000e+00
1.205051851288209718e+03 2.631540653557052842e-02 0.000000000000000000e+00
1.209250638226470528e+03 2.640709784754060457e-02 0.000000000000000000e+00
1.213449425164731338e+03 2.649878915951067032e-02 0.000000000000000000e+00
1.217648212102992147e+03 2.659048047148073607e-02 0.000000000000000000e+00
1.221846999041252957e+03 2.668217178345080876e-02 0.000000000000000000e+00
1.226045785979513994e+03 2.677386309542088491e-02 0.000000000000000000e+00
1.230244572917774803e+03 2.686555440739095066e-02 0.000000000000000000e+00
1.234443359856035613e+03 2.695724571936102335e-02 0.000000000000000000e+00
1.238642146794296423e+03 2.704893703133108909e-02 0.000000000000000000e+00
1.242840933732557232e+03 2.714062834330115831e-02 0.000000000000000000e+00
1.247039720670818042e+03 2.723231965527122406e-02 0.000000000000000000e+00
1.251238507609079079e+03 2.732401096724130368e-02 0.000000000000000000e+00
1.255437294547339889e+03 2.741570227921137290e-02 0.000000000000000000e+00
1.259636081485600698e+03 2.750739359118143865e-02 0.000000000000000000e+00
1.263834868423861508e+03 2.759908490315151133e-02 0.000000000000000000e+00
1.268033655362122317e+03 2.769077621512158402e-02 0.000000000000000000e+00
1.272232442300383127e+03 2.778246752709164977e-02 0.000000000000000000e+00
1.276431229238644164e+03 2.787415883906172592e-02 0.000000000000000000e+00
1.280630016176904974e+03 2.796585015103179167e-02 0.000000000000000000e+00
1.284828803115165783e+03 2.805754146300185742e-02 0.000000000000000000e+00
1.289027590053426593e+03 2.814923277497193010e-02 0.000000000000000000e+00
1.293226376991687403e+03 2.824092408694199932e-02 0.000000000000000000e+00
1.297425163929948212e+03 2.833261539891206507e-02 0.000000000000000000e+00
1.301623950868209022e+03 2.842430671088213082e-02 0.000000000000000000e+00
1.305822737806470059e+03 2.851599802285221391e-02 0.000000000000000000e+00
1.310021524744730868e+03 2.860768933482227966e-02 0.000000000000000000e+00
1.314220311682991678e+03 2.869938064679235235e-02 0.000000000000000000e+00
1.318419098621252488e+03 2.879107195876242503e-02 0.000000000000000000e+00
1.322617885559513297e+03 2.888276327073249078e-02 0.000000000000000000e+00
1.326816672497774107e+03 2.897445458270255653e-02 0.000000000000000000e+00
1.331015459436035144e+03 2.906614589467263268e-02 0.000000000000000000e+00
1.335214246374295954e+03 2.915783720664269843e-02 0.000000000000000000e+00
1.339413033312556763e+03 2.924952851861277459e-02 0.000000000000000000e+00
1.343611820250817573e+03 2.934121983058284033e-02 0.000000000000000000e+00
1.347810607189078382e+03 2.943291114255290608e-02 0.000000000000000000e+00
1.352009394127339192e+03 2.952460245452297877e-02 0.000000000000000000e+00
1.356208181065600002e+03 2.961629376649305145e-02 0.000000000000000000e+00
1.360406968003861039e+03 2.970798507846312067e-02 0.000000000000000000e+00
1.364605754942121848e+03 2.979967639043318642e-02 0.000000000000000000e+00
1.368804541880382658e+03 2.989136770240325910e-02 0.000000000000000000e+00
1.373003328818643467e+03 2.998305901437333179e-02 0.000000000000000000e+00
1.377202115756904277e+03 3.007475032634340795e-02 0.000000000000000000e+00
1.381400902695165087e+03 3.016644163831346676e-02 0.000000000000000000e+00
1.385599689633426124e+03 3.025813295028353944e-02 0.000000000000000000e+00
1.389798476571686933e+03 3.034982426225361213e-02 0.000000000000000000e+00
1.393997263509947743e+03 3.044151557422368135e-02 0.000000000000000000e+00
1.398196050448208553e+03 3.053320688619374709e-02 0.000000000000000000e+00
1.402394837386469362e+03 3.062489819816381978e-02 0.000000000000000000e+00
1.406593624324730172e+03 3.071658951013389247e-02 0.000000000000000000e+00
1.410792411262990981e+03 3.080828082210395821e-02 0.000000000000000000e+00
1.414991198201252018e+03 3.089997213407403437e-02 0.000000000000000000e+00
1.419189985139512828e+03 3.099166344604410012e-02 0.000000000000000000e+00
1.423388772077773638e+03 3.108335475801417280e-02 0.000000000000000000e+00
1.427587559016034447e+03 3.117504606998424202e-02 0.000000000000000000e+00
1.431786345954295257e+03 3.126673738195431124e-02 0.000000000000000000e+00
1.435985132892556067e+03 3.135842869392437698e-02 0.000000000000000000e+00
1.440183919830817104e+03 3.145012000589444967e-02 0.000000000000000000e+00
1.444382706769077913e+03 3.154181131786452236e-02 0.000000000000000000e+00
1.448581493707338723e+03 3.163350262983458810e-02 0.000000000000000000e+00
1.452780280645599532e+03 3.172519394180466079e-02 0.000000000000000000e+00
1.456979067583860342e+03 3.181688525377472654e-02 0.000000000000000000e+00
1.461177854522121152e+03 3.190857656574480616e-02 0.000000000000000000e+00
1.465376641460382189e+03 3.200026787771487191e-02 0.000000000000000000e+00
1.469575428398642998e+03 3.209195918968493766e-02 0.000000000000000000e+00
1.473774215336903808e+03 3.218365050165501035e-02 0.000000000000000000e+00
1.477973002275164617e+03 3.227534181362507609e-02 0.000000000000000000e+00
1.482171789213425427e+03 3.236703312559515572e-02 0.000000000000000000e+00
1.486370576151686237e+03 3.245872443756522147e-02 0.000000000000000000e+00
1.490569363089947046e+03 3.255041574953529415e-02 0.000000000000000000e+00
1.494768150028208083e+03 3.264210706150535990e-02 0.000000000000000000e+00
1.498966936966468893e+03 3.273379837347543259e-02 0.000000000000000000e+00
1.503165723904729703e+03 3.282548968544549833e-02 0.000000000000000000e+00
1.507364510842990512e+03 3.291718099741556408e-02 0.000000000000000000e+00
1.511563297781251322e+03 3.300887230938564371e-02 0.000000000000000000e+00
1.515762084719512131e+03 3.310056362135570945e-02 0.000000000000000000e+00
1.519960871657773168e+03 3.319225493332578214e-02 0.000000000000000000e+00
1.524159658596033978e+03 3.328394624529585483e-02 0.000000000000000000e+00
1.528358445534294788e+03 3.337563755726592057e-02 0.000000000000000000e+00
1.532557232472555597e+03 3.346732886923598632e-02 0.000000000000000000e+00
1.536756019410816407e+03 3.355902018120605901e-02 0.000000000000000000e+00
1.540954806349077217e+03 3.365071149317612476e-02 0.000000000000000000e+00
1.545153593287338254e+03 3.374240280514621132e-02 0.000000000000000000e+00
1.549352380225599063e+03 3.383409411711627707e-02 0.000000000000000000e+00
1.553551167163859873e+03 3.392578542908633588e-02 0.000000000000000000e+00
1.557749954102120682e+03 3.401747674105640856e-02 0.000000000000000000e+00
1.561948741040381492e+03 3.410916805302648125e-02 0.000000000000000000e+00
1.566147527978642302e+03 3.420085936499655394e-02 0.000000000000000000e+00
1.570346314916903111e+03 3.429255067696661968e-02 0.000000000000000000e+00
1.574545101855164148e+03 3.438424198893669237e-02 0.000000000000000000e+00
1.578743888793424958e+03 3.447593330090675812e-02 0.000000000000000000e+00
1.582942675731685767e+03 3.456762461287682386e-02 0.000000000000000000e+00
1.587141462669946577e+03 3.465931592484689655e-02 0.000000000000000000e+00
1.591340249608207387e+03 3.475100723681696924e-02 0.000000000000000000e+00
1.595539036546468196e+03 3.484269854878704192e-02 0.000000000000000000e+00
1.599737823484729233e+03 3.493438986075711461e-02 0.000000000000000000e+00
1.603936610422990043e+03 3.502608117272718036e-02 0.000000000000000000e+00
1.608135397361250853e+03 3.511777248469724610e-02 0.000000000000000000e+00
1.612334184299511662e+03 3.520946379666731879e-02 0.000000000000000000e+00
1.616532971237772472e+03 3.530115510863737760e-02 0.000000000000000000e+00
1.620731758176033281e+03 3.539284642060745723e-02 0.000000000000000000e+00
1.624930545114294091e+03 3.548453773257752991e-02 0.000000000000000000e+00
1.629129332052555128e+03 3.557622904454760260e-02 0.000000000000000000e+00
1.633328118990815938e+03 3.566792035651767528e-02 0.000000000000000000e+00
1.637526905929076747e+03 3.575961166848774103e-02 0.000000000000000000e+00
1.641725692867337557e+03 3.585130298045780678e-02 0.000000000000000000e+00
1.645924479805598367e+03 3.594299429242787253e-02 0.000000000000000000e+00
1.650123266743859176e+03 3.603468560439794521e-02 0.000000000000000000e+00
1.654322053682120213e+03 3.612637691636802484e-02 0.000000000000000000e+00
1.658520840620381023e+03 3.621806822833809753e-02 0.000000000000000000e+00
1.662719627558641832e+03 3.630975954030816327e-02 0.000000000000000000e+00
1.666918414496902642e+03 3.640145085227822902e-02 0.000000000000000000e+00
1.671117201435163452e+03 3.649314216424830171e-02 0.000000000000000000e+00
1.675315988373424261e+03 3.658483347621836745e-02 0.000000000000000000e+00
1.679514775311685071e+03 3.667652478818843320e-02 0.000000000000000000e+00
1.683713562249946108e+03 3.676821610015851283e-02 0.000000000000000000e+00
1.687912349188206917e+03 3.685990741212857857e-02 0.000000000000000000e+00
1.692111136126467727e+03 3.695159872409865820e-02 0.000000000000000000e+00
1.696309923064728537e+03 3.704329003606872395e-02 0.000000000000000000e+00
1.700508710002989346e+03 3.713498134803878969e-02 0.000000000000000000e+00
1.704707496941250156e+03 3.722667266000885544e-02 0.000000000000000000e+00
1.708906283879511193e+03 3.731836397197893507e-02 0.000000000000000000e+00
1.713105070817772003e+03 3.741005528394899388e-02 0.000000000000000000e+00
1.717303857756032812e+03 3.750174659591906656e-02 0.000000000000000000e+00
1.721502644694293622e+03 3.759343790788913925e-02 0.000000000000000000e+00
1.725701431632554431e+03 3.768512921985920500e-02 0.000000000000000000e+00
1.729900218570815241e+03 3.777682053182927768e-02 0.000000000000000000e+00
1.734099005509076278e+03 3.786851184379935037e-02 0.000000000000000000e+00
1.738297792447337088e+03 3.796020315576942306e-02 0.000000000000000000e+00
1.742496579385597897e+03 3.805189446773948880e-02 0.000000000000000000e+00
1.746695366323858707e+03 3.814358577970956149e-02 0.000000000000000000e+00
1.750894153262119517e+03 3.823527709167963418e-02 0.000000000000000000e+00
1.755092940200380326e+03 3.832696840364969298e-02 0.000000000000000000e+00
1.759291727138641136e+03 3.841865971561976567e-02 0.000000000000000000e+00
1.763490514076902173e+03 3.851035102758983836e-02 0.000000000000000000e+00
1.767689301015162982e+03 3.860204233955991104e-02 0.000000000000000000e+00
1.771888087953423792e+03 3.869373365152997679e-02 0.000000000000000000e+00
1.776086874891684602e+03 3.878542496350004948e-02 0.000000000000000000e+00
1.780285661829945411e+03 3.887711627547012216e-02 0.000000000000000000e+00
1.784484448768206221e+03 3.896880758744018097e-02 0.000000000000000000e+00
1.788683235706467258e+03 3.906049889941026754e-02 0.000000000000000000e+00
1.792882022644728067e+03 3.915219021138033328e-02 0.000000000000000000e+00
1.797080809582988877e+03 3.924388152335040597e-02 0.000000000000000000e+00
1.801279596521249687e+03 3.933557283532047172e-02 0.000000000000000000e+00
1.805478383459510496e+03 3.942726414729053747e-02 0.000000000000000000e+00
1.809677170397771306e+03 3.951895545926061015e-02 0.000000000000000000e+00
1.813875957336032343e+03 3.961064677123068284e-02 0.000000000000000000e+00
1.818074744274293153e+03 3.970233808320074859e-02 0.000000000000000000e+00
1.822273531212553962e+03 3.979402939517082127e-02 0.000000000000000000e+00
1.826472318150814772e+03 3.988572070714089396e-02 0.000000000000000000e+00
1.830671105089075581e+03 3.997741201911095971e-02 0.000000000000000000e+00
1.834869892027336391e+03 4.006910333108103239e-02 0.000000000000000000e+00
1.839068678965597201e+03 4.016079464305109814e-02 0.000000000000000000e+00
1.843267465903858238e+03 4.025248595502116389e-02 0.000000000000000000e+00
1.847466252842119047e+03 4.034417726699123657e-02 0.000000000000000000e+00
1.851665039780379857e+03 4.043586857896130926e-02 0.000000000000000000e+00
1.855863826718640667e+03 4.052755989093138889e-02 0.000000000000000000e+00
1.860062613656901476e+03 4.061925120290145463e-02 0.000000000000000000e+00
1.864261400595162286e+03 4.071094251487152038e-02 0.000000000000000000e+00
1.868460187533423323e+03 4.080263382684159307e-02 0.000000000000000000e+00
1.872658974471684132e+03 4.089432513881165882e-02 0.000000000000000000e+00
1.876857761409944942e+03 4.098601645078172456e-02 0.000000000000000000e+00
1.881056548348205752e+03 4.107770776275179031e-02 0.000000000000000000e+00
1.885255335286466561e+03 4.116939907472187687e-02 0.000000000000000000e+00
1.889454122224727371e+03 4.126109038669194262e-02 0.000000000000000000e+00
1.893652909162988180e+03 4.135278169866200837e-02 0.000000000000000000e+00
1.897851696101249217e+03 4.144447301063208799e-02 0.000000000000000000e+00
1.902050483039510027e+03 4.153616432260214680e-02 0.000000000000000000e+00
1.906249269977770837e+03 4.162785563457221949e-02 0.000000000000000000e+00
1.910448056916031646e+03 4.171954694654229218e-02 0.000000000000000000e+00
1.914646843854292456e+03 4.181123825851235792e-02 0.000000000000000000e+00
1.918845630792553266e+03 4.190292957048243061e-02 0.000000000000000000e+00
1.923044417730814303e+03 4.199462088245250330e-02 0.000000000000000000e+00
1.927243204669075112e+03 4.208631219442256904e-02 0.000000000000000000e+00
1.931441991607335922e+03 4.217800350639263479e-02 0.000000000000000000e+00
1.935640778545596731e+03 4.226969481836271442e-02 0.000000000000000000e+00
1.939839565483857541e+03 4.236138613033278016e-02 0.000000000000000000e+00
1.944038352422118351e+03 4.245307744230284591e-02 0.000000000000000000e+00
1.948237139360379160e+03 4.254476875427291860e-02 0.000000000000000000e+00
1.952435926298640197e+03 4.263646006624299128e-02 0.000000000000000000e+00
1.956634713236901007e+03 4.272815137821305703e-02 0.000000000000000000e+00
1.960833500175161817e+03 4.281984269018312972e-02 0.000000000000000000e+00
1.965032287113422626e+03 4.291153400215320241e-02 0.000000000000000000e+00
1.969231074051683436e+03 4.300322531412327509e-02 0.000000000000000000e+00
1.973429860989944245e+03 4.309491662609334084e-02 0.000000000000000000e+00
1.977628647928205282e+03 4.318660793806340659e-02 0.000000000000000000e+00
1.981827434866466092e+03 4.327829925003347233e-02 0.000000000000000000e+00
1.986026221804726902e+03 4.336999056200354502e-02 0.000000000000000000e+00
1.990225008742987711e+03 4.346168187397361771e-02 0.000000000000000000e+00
1.994423795681248521e+03 4.355337318594369733e-02 0.000000000000000000e+00
1.998622582619509330e+03 4.364506449791376308e-02 0.000000000000000000e+00
2.002821369557770367e+03 4.373675580988382883e-02 0.000000000000000000e+00
2.007020156496031177e+03 4.382844712185389457e-02 0.000000000000000000e+00
2.011218943434291987e+03 4.392013843382396726e-02 0.000000000000000000e+00
2.015417730372552796e+03 4.401182974579403995e-02 0.000000000000000000e+00
2.019616517310813606e+03 4.410352105776409876e-02 0.000000000000000000e+00
2.023815304249074416e+03 4.419521236973418532e-02 0.000000000000000000e+00
2.028014091187335225e+03 4.428690368170425107e-02 0.000000000000000000e+00
2.032212878125596262e+03 4.437859499367432375e-02 0.000000000000000000e+00
2.036411665063857072e+03 4.447028630564438950e-02 0.000000000000000000e+00
2.040610452002117881e+03 4.456197761761445525e-02 0.000000000000000000e+00
2.044809238940378691e+03 4.465366892958452794e-02 0.000000000000000000e+00
2.049008025878639728e+03 4.474536024155460062e-02 0.000000000000000000e+00
2.053206812816900765e+03 4.483705155352468025e-02 0.000000000000000000e+00
2.057405599755161347e+03 4.492874286549473906e-02 0.000000000000000000e+00
2.061604386693422384e+03 4.502043417746482562e-02 0.000000000000000000e+00
2.065803173631682967e+03 4.511212548943488443e-02 0.000000000000000000e+00
2.070001960569944004e+03 4.520381680140495018e-02 0.000000000000000000e+00
2.074200747508205041e+03 4.529550811337502286e-02 0.000000000000000000e+00
2.078399534446465623e+03 4.538719942534509555e-02 0.000000000000000000e+00
2.082598321384726660e+03 4.547889073731516130e-02 0.000000000000000000e+00
2.086797108322987242e+03 4.557058204928522704e-02 0.000000000000000000e+00
2.090995895261248279e+03 4.566227336125531361e-02 0.000000000000000000e+00
2.095194682199508861e+03 4.575396467322537936e-02 0.000000000000000000e+00
2.099393469137769898e+03 4.584565598519544510e-02 0.000000000000000000e+00
2.103592256076030935e+03 4.593734729716551085e-02 0.000000000000000000e+00
2.107791043014291517e+03 4.602903860913558354e-02 0.000000000000000000e+00
2.111989829952552554e+03 4.612072992110564928e-02 0.000000000000000000e+00
2.116188616890813137e+03 4.621242123307571503e-02 0.000000000000000000e+00
2.120387403829074174e+03 4.630411254504580160e-02 0.000000000000000000e+00
2.124586190767335211e+03 4.639580385701587428e-02 0.000000000000000000e+00
2.128784977705595793e+03 4.648749516898593309e-02 0.000000000000000000e+00
2.132983764643856830e+03 4.657918648095600578e-02 0.000000000000000000e+00
2.137182551582117412e+03 4.667087779292607153e-02 0.000000000000000000e+00
2.141381338520378449e+03 4.676256910489613727e-02 0.000000000000000000e+00
2.145580125458639031e+03 4.685426041686620996e-02 0.000000000000000000e+00
2.149778912396900068e+03 4.694595172883628958e-02 0.000000000000000000e+00
2.153977699335161105e+03 4.703764304080635533e-02 0.000000000000000000e+00
2.158176486273421688e+03 4.712933435277642802e-02 0.000000000000000000e+00
2.162375273211682725e+03 4.722102566474650071e-02 0.000000000000000000e+00
2.166574060149943307e+03 4.731271697671655951e-02 0.000000000000000000e+00
2.170772847088204344e+03 4.740440828868663220e-02 0.000000000000000000e+00
2.174971634026464926e+03 4.749609960065669795e-02 0.000000000000000000e+00
2.179170420964725963e+03 4.758779091262677757e-02 0.000000000000000000e+00
2.183369207902987000e+03 4.767948222459684332e-02 0.000000000000000000e+00
2.187567994841247582e+03 4.777117353656691601e-02 0.000000000000000000e+00
2.191766781779508619e+03 4.786286484853698869e-02 0.000000000000000000e+00
2.195965568717769202e+03 4.795455616050704750e-02 0.000000000000000000e+00
2.200164355656030239e+03 4.804624747247712713e-02 0.000000000000000000e+00
2.204363142594291276e+03 4.813793878444719981e-02 0.000000000000000000e+00
2.208561929532551858e+03 4.822963009641725862e-02 0.000000000000000000e+00
2.212760716470812895e+03 4.832132140838733131e-02 0.000000000000000000e+00
2.216959503409073477e+03 4.841301272035740400e-02 0.000000000000000000e+00
2.221158290347334514e+03 4.850470403232746974e-02 0.000000000000000000e+00
2.225357077285595096e+03 4.859639534429754243e-02 0.000000000000000000e+00
2.229555864223856133e+03 4.868808665626761512e-02 0.000000000000000000e+00
2.233754651162117170e+03 4.877977796823768780e-02 0.000000000000000000e+00
2.237953438100377753e+03 4.887146928020775355e-02 0.000000000000000000e+00
2.242152225038638790e+03 4.896316059217781930e-02 0.000000000000000000e+00
2.246351011976899372e+03 4.905485190414788504e-02 0.000000000000000000e+00
2.250549798915160409e+03 4.914654321611796467e-02 0.000000000000000000e+00
2.254748585853420991e+03 4.923823452808802348e-02 0.000000000000000000e+00
2.258947372791682028e+03 4.932992584005811698e-02 0.000000000000000000e+00
2.263146159729943065e+03 4.942161715202818967e-02 0.000000000000000000e+00
2.267344946668203647e+03 4.951330846399824848e-02 0.000000000000000000e+00
2.271543733606464684e+03 4.960499977596831422e-02 0.000000000000000000e+00
2.275742520544725267e+03 4.969669108793837303e-02 0.000000000000000000e+00
2.279941307482986304e+03 4.978838239990845266e-02 0.000000000000000000e+00
2.284140094421246886e+03 4.988007371187851147e-02 0.000000000000000000e+00
2.288338881359507923e+03 4.997176502384859803e-02 0.000000000000000000e+00
2.292537668297768960e+03 5.006345633581867072e-02 0.000000000000000000e+00
2.296736455236029542e+03 5.015514764778872953e-02 0.000000000000000000e+00
2.300935242174290579e+03 5.024683895975878833e-02 0.000000000000000000e+00
2.305134029112551161e+03 5.033853027172886796e-02 0.000000000000000000e+00
2.309332816050812198e+03 5.043022158369894065e-02 0.000000000000000000e+00
2.313531602989073235e+03 5.052191289566902721e-02 0.000000000000000000e+00
2.317730389927333817e+03 5.061360420763908602e-02 0.000000000000000000e+00
2.321929176865594854e+03 5.070529551960915871e-02 0.000000000000000000e+00
2.326127963803855437e+03 5.079698683157921751e-02 0.000000000000000000e+00
2.330326750742116474e+03 5.088867814354929020e-02 0.000000000000000000e+00
2.334525537680377056e+03 5.098036945551936289e-02 0.000000000000000000e+00
2.338724324618638093e+03 5.107206076748942863e-02 0.000000000000000000e+00
2.342923111556899130e+03 5.116375207945950132e-02 0.000000000000000000e+00
2.347121898495159712e+03 5.125544339142956707e-02 0.000000000000000000e+00
2.351320685433420749e+03 5.134713470339963282e-02 0.000000000000000000e+00
2.355519472371681331e+03 5.143882601536971938e-02 0.000000000000000000e+00
2.359718259309942368e+03 5.153051732733979207e-02 0.000000000000000000e+00
2.363917046248202951e+03 5.162220863930985087e-02 0.000000000000000000e+00
2.368115833186463988e+03 5.171389995127992356e-02 0.000000000000000000e+00
2.372314620124725025e+03 5.180559126325000319e-02 0.000000000000000000e+00
2.376513407062985607e+03 5.189728257522005506e-02 0.000000000000000000e+00
2.380712194001246644e+03 5.198897388719013468e-02 0.000000000000000000e+00
2.384910980939507226e+03 5.208066519916020737e-02 0.000000000000000000e+00
2.389109767877768263e+03 5.217235651113026618e-02 0.000000000000000000e+00
2.393308554816029300e+03 5.226404782310033886e-02 0.000000000000000000e+00
2.397507341754289882e+03 5.235573913507039767e-02 0.000000000000000000e+00
2.401706128692550919e+03 5.244743044704049117e-02 0.000000000000000000e+00
2.405904915630811502e+03 5.253912175901054998e-02 0.000000000000000000e+00
2.410103702569072539e+03 5.263081307098062267e-02 0.000000000000000000e+00
2.414302489507333121e+03 5.272250438295069536e-02 0.000000000000000000e+00
2.418501276445594158e+03 5.281419569492075416e-02 0.000000000000000000e+00
2.422700063383855195e+03 5.290588700689084073e-02 0.000000000000000000e+00
2.426898850322115777e+03 5.299757831886089954e-02 0.000000000000000000e+00
2.431097637260376814e+03 5.308926963083097916e-02 0.000000000000000000e+00
2.435296424198637396e+03 5.318096094280105185e-02 0.000000000000000000e+00
2.439495211136898433e+03 5.327265225477111066e-02 0.000000000000000000e+00
2.443693998075159016e+03 5.336434356674117641e-02 0.000000000000000000e+00
2.447892785013420053e+03 5.345603487871124215e-02 0.000000000000000000e+00
2.452091571951681090e+03 5.354772619068133566e-02 0.000000000000000000e+00
2.456290358889941672e+03 5.363941750265138753e-02 0.000000000000000000e+00
2.460489145828202709e+03 5.373110881462147409e-02 0.000000000000000000e+00
2.464687932766463291e+03 5.382280012659153984e-02 0.000000000000000000e+00
2.468886719704724328e+03 5.391449143856160559e-02 0.000000000000000000e+00
2.473085506642985365e+03 5.400618275053168521e-02 0.000000000000000000e+00
2.477284293581245947e+03 5.409787406250173708e-02 0.000000000000000000e+00
2.481483080519506984e+03 5.418956537447183058e-02 0.000000000000000000e+00
2.485681867457767567e+03 5.428125668644188939e-02 0.000000000000000000e+00
2.489880654396028604e+03 5.437294799841194820e-02 0.000000000000000000e+00
2.494079441334289186e+03 5.446463931038202089e-02 0.000000000000000000e+00
2.498278228272550223e+03 5.455633062235207970e-02 0.000000000000000000e+00
2.502477015210811260e+03 5.464802193432216626e-02 0.000000000000000000e+00
2.506675802149071842e+03 5.473971324629222507e-02 0.000000000000000000e+00
2.510874589087332879e+03 5.483140455826230469e-02 0.000000000000000000e+00
2.515073376025593461e+03 5.492309587023236350e-02 0.000000000000000000e+00
2.519272162963854498e+03 5.501478718220243619e-02 0.000000000000000000e+00
2.523470949902115080e+03 5.510647849417252275e-02 0.000000000000000000e+00
2.527669736840376117e+03 5.519816980614258156e-02 0.000000000000000000e+00
2.531868523778637154e+03 5.528986111811266119e-02 0.000000000000000000e+00
2.536067310716897737e+03 5.538155243008271306e-02 0.000000000000000000e+00
2.540266097655158774e+03 5.547324374205279268e-02 0.000000000000000000e+00
2.544464884593419356e+03 5.556493505402285843e-02 0.000000000000000000e+00
2.548663671531680393e+03 5.565662636599293805e-02 0.000000000000000000e+00
2.552862458469941430e+03 5.574831767796301074e-02 0.000000000000000000e+00
2.557061245408202012e+03 5.584000898993306955e-02 0.000000000000000000e+00
2.561260032346463049e+03 5.593170030190314224e-02 0.000000000000000000e+00
2.565458819284723631e+03 5.602339161387321492e-02 0.000000000000000000e+00
2.569657606222984668e+03 5.611508292584328761e-02 0.000000000000000000e+00
2.573856393161245251e+03 5.620677423781334642e-02 0.000000000000000000e+00
2.578055180099506288e+03 5.629846554978342604e-02 0.000000000000000000e+00
2.582253967037767325e+03 5.639015686175349873e-02 0.000000000000000000e+00
2.586452753976027907e+03 5.648184817372355754e-02 0.000000000000000000e+00
2.590651540914288944e+03 5.657353948569363022e-02 0.000000000000000000e+00
2.594850327852549526e+03 5.666523079766368903e-02 0.000000000000000000e+00
2.599049114790810563e+03 5.675692210963378254e-02 0.000000000000000000e+00
2.603247901729071145e+03 5.684861342160383441e-02 0.000000000000000000e+00
2.607446688667332182e+03 5.694030473357391403e-02 0.000000000000000000e+00
2.611645475605593219e+03 5.703199604554398672e-02 0.000000000000000000e+00
2.615844262543853802e+03 5.712368735751404553e-02 0.000000000000000000e+00
2.620043049482114839e+03 5.721537866948413209e-02 0.000000000000000000e+00
2.624241836420375421e+03 5.730706998145419090e-02 0.000000000000000000e+00
2.628440623358636458e+03 5.739876129342427052e-02 0.000000000000000000e+00
2.632639410296897040e+03 5.749045260539433627e-02 0.000000000000000000e+00
2.636838197235158077e+03 5.758214391736440202e-02 0.000000000000000000e+00
2.641036984173419114e+03 5.767383522933447471e-02 0.000000000000000000e+00
2.645235771111679696e+03 5.776552654130454045e-02 0.000000000000000000e+00
2.649434558049940733e+03 5.785721785327462702e-02 0.000000000000000000e+00
2.653633344988201316e+03 5.794890916524467889e-02 0.000000000000000000e+00
2.657832131926462353e+03 5.804060047721475157e-02 0.000000000000000000e+00
2.662030918864723390e+03 5.813229178918482426e-02 0.000000000000000000e+00
2.666229705802983972e+03 5.822398310115488307e-02 0.000000000000000000e+00
2.670428492741245009e+03 5.831567441312496269e-02 0.000000000000000000e+00
2.674627279679505591e+03 5.840736572509502844e-02 0.000000000000000000e+00
2.678826066617766628e+03 5.849905703706510807e-02 0.000000000000000000e+00
2.683024853556027210e+03 5.859074834903518075e-02 0.000000000000000000e+00
2.687223640494288247e+03 5.868243966100523956e-02 0.000000000000000000e+00
2.691422427432549284e+03 5.877413097297531225e-02 0.000000000000000000e+00
2.695621214370809867e+03 5.886582228494538493e-02 0.000000000000000000e+00
2.699820001309070904e+03 5.895751359691545762e-02 0.000000000000000000e+00
2.704018788247331486e+03 5.904920490888551643e-02 0.000000000000000000e+00
2.708217575185592523e+03 5.914089622085559605e-02 0.000000000000000000e+00
2.712416362123853105e+03 5.923258753282565486e-02 0.000000000000000000e+00
2.716615149062114142e+03 5.932427884479572755e-02 0.000000000000000000e+00
2.720813936000375179e+03 5.941597015676581411e-02 0.000000000000000000e+00
2.725012722938635761e+03 5.950766146873587292e-02 0.000000000000000000e+00
2.729211509876896798e+03 5.959935278070594561e-02 0.000000000000000000e+00
2.733410296815157380e+03 5.969104409267600442e-02 0.000000000000000000e+00
2.737609083753418417e+03 5.978273540464609792e-02 0.000000000000000000e+00
2.741807870691679454e+03 5.987442671661615673e-02 0.000000000000000000e+00
2.746006657629940037e+03 5.996611802858622942e-02 0.000000000000000000e+00
2.750205444568201074e+03 6.005780934055630210e-02 0.000000000000000000e+00
2.754404231506461656e+03 6.014950065252636091e-02 0.000000000000000000e+00
2.758603018444722693e+03 6.024119196449643360e-02 0.000000000000000000e+00
2.762801805382983275e+03 6.033288327646649241e-02 0.000000000000000000e+00
2.767000592321244312e+03 6.042457458843657897e-02 0.000000000000000000e+00
2.771199379259505349e+03 6.051626590040663778e-02 0.000000000000000000e+00
2.775398166197765931e+03 6.060795721237671047e-02 0.000000000000000000e+00
2.779596953136026968e+03 6.069964852434679009e-02 0.000000000000000000e+00
2.783795740074287551e+03 6.079133983631684890e-02 0.000000000000000000e+00
2.787994527012548588e+03 6.088303114828692159e-02 0.000000000000000000e+00
2.792193313950809170e+03 6.097472246025699427e-02 0.000000000000000000e+00
2.796392100889070207e+03 6.106641377222707390e-02 0.000000000000000000e+00
2.800590887827331244e+03 6.115810508419713964e-02 0.000000000000000000e+00
2.804789674765591826e+03 6.124979639616720539e-02 0.000000000000000000e+00
2.808988461703852863e+03 6.134148770813727808e-02 0.000000000000000000e+00
2.813187248642113445e+03 6.143317902010732995e-02 0.000000000000000000e+00
2.817386035580374482e+03 6.152487033207742345e-02 0.000000000000000000e+00
2.821584822518635065e+03 6.161656164404746838e-02 0.000000000000000000e+00
2.825783609456896102e+03 6.170825295601755495e-02 0.000000000000000000e+00
2.829982396395157139e+03 6.179994426798762763e-02 0.000000000000000000e+00
2.834181183333417721e+03 6.189163557995768644e-02 0.000000000000000000e+00
2.838379970271678758e+03 6.198332689192776607e-02 0.000000000000000000e+00
2.842578757209939340e+03 6.207501820389783181e-02 0.000000000000000000e+00
2.846777544148200377e+03 6.216670951586791144e-02 0.000000000000000000e+00
2.850976331086461414e+03 6.225840082783798413e-02 0.000000000000000000e+00
2.855175118024721996e+03 6.235009213980804293e-02 0.000000000000000000e+00
2.859373904962983033e+03 6.244178345177810174e-02 0.000000000000000000e+00
2.863572691901243616e+03 6.253347476374818137e-02 0.000000000000000000e+00
2.867771478839504653e+03 6.262516607571826099e-02 0.000000000000000000e+00
2.871970265777765235e+03 6.271685738768831286e-02 0.000000000000000000e+00
2.876169052716026272e+03 6.280854869965840637e-02 0.000000000000000000e+00
2.880367839654287309e+03 6.290024001162845824e-02 0.000000000000000000e+00
2.884566626592547891e+03 6.299193132359852398e-02 0.000000000000000000e+00
2.888765413530808928e+03 6.308362263556858973e-02 0.000000000000000000e+00
2.892964200469069510e+03 6.317531394753866936e-02 0.000000000000000000e+00
2.897162987407330547e+03 6.326700525950874898e-02 0.000000000000000000e+00
2.901361774345591130e+03 6.335869657147880085e-02 0.000000000000000000e+00
2.905560561283852167e+03 6.345038788344889435e-02 0.000000000000000000e+00
2.909759348222113204e+03 6.354207919541894622e-02 0.000000000000000000e+00
2.913958135160373786e+03 6.363377050738902585e-02 0.000000000000000000e+00
2.918156922098634823e+03 6.372546181935907772e-02 0.000000000000000000e+00
2.922355709036895405e+03 6.381715313132915735e-02 0.000000000000000000e+00
2.926554495975156442e+03 6.390884444329923697e-02 0.000000000000000000e+00
2.930753282913417479e+03 6.400053575526930272e-02 0.000000000000000000e+00
2.934952069851678061e+03 6.409222706723936847e-02 0.000000000000000000e+00
2.939150856789939098e+03 6.418391837920943421e-02 0.000000000000000000e+00
2.943349643728199680e+03 6.427560969117952772e-02 0.000000000000000000e+00
2.947548430666460717e+03 6.436730100314957959e-02 0.000000000000000000e+00
2.951747217604721300e+03 6.445899231511965921e-02 0.000000000000000000e+00
2.955946004542982337e+03 6.455068362708972496e-02 0.000000000000000000e+00
2.960144791481243374e+03 6.464237493905979071e-02 0.000000000000000000e+00
2.964343578419503956e+03 6.473406625102987033e-02 0.000000000000000000e+00
2.968542365357764993e+03 6.482575756299993608e-02 0.000000000000000000e+00
2.972741152296025575e+03 6.491744887497000183e-02 0.000000000000000000e+00
2.976939939234286612e+03 6.500914018694006757e-02 0.000000000000000000e+00
2.981138726172547194e+03 6.510083149891013332e-02 0.000000000000000000e+00
2.985337513110808231e+03 6.519252281088021295e-02 0.000000000000000000e+00
2.989536300049069268e+03 6.528421412285027869e-02 0.000000000000000000e+00
2.993735086987329851e+03 6.537590543482034444e-02 0.000000000000000000e+00
2.997933873925590888e+03 6.546759674679042407e-02 0.000000000000000000e+00
3.002132660863851470e+03 6.555928805876048981e-02 0.000000000000000000e+00
3.006331447802112507e+03 6.565097937073056944e-02 0.000000000000000000e+00
3.010530234740373544e+03 6.574267068270063519e-02 0.000000000000000000e+00
3.014729021678634126e+03 6.583436199467071481e-02 0.000000000000000000e+00
3.018927808616895163e+03 6.592605330664078056e-02 0.000000000000000000e+00
3.023126595555155745e+03 6.601774461861084631e-02 0.000000000000000000e+00
3.027325382493416782e+03 6.610943593058091206e-02 0.000000000000000000e+00
3.031524169431677365e+03 6.620112724255096393e-02 0.000000000000000000e+00
3.035722956369938402e+03 6.629281855452104355e-02 0.000000000000000000e+00
3.039921743308199439e+03 6.638450986649113705e-02 0.000000000000000000e+00
3.044120530246460021e+03 6.647620117846118892e-02 0.000000000000000000e+00
3.048319317184721058e+03 6.656789249043126855e-02 0.000000000000000000e+00
3.052518104122981640e+03 6.665958380240133430e-02 0.000000000000000000e+00
3.056716891061242677e+03 6.675127511437140004e-02 0.000000000000000000e+00
3.060915677999503259e+03 6.684296642634146579e-02 0.000000000000000000e+00
3.065114464937764296e+03 6.693465773831154542e-02 0.000000000000000000e+00
3.069313251876025333e+03 6.702634905028162504e-02 0.000000000000000000e+00
3.073512038814285916e+03 6.711804036225167691e-02 0.000000000000000000e+00
3.077710825752546953e+03 6.720973167422175654e-02 0.000000000000000000e+00
3.081909612690807535e+03 6.730142298619180841e-02 0.000000000000000000e+00
3.086108399629068572e+03 6.739311429816188803e-02 0.000000000000000000e+00
3.090307186567329609e+03 6.748480561013196766e-02 0.000000000000000000e+00
3.094505973505590191e+03 6.757649692210203340e-02 0.000000000000000000e+00
3.098704760443851228e+03 6.766818823407209915e-02 0.000000000000000000e+00
3.102903547382111810e+03 6.775987954604216490e-02 0.000000000000000000e+00
3.107102334320372847e+03 6.785157085801223065e-02 0.000000000000000000e+00
3.111301121258633430e+03 6.794326216998231027e-02 0.000000000000000000e+00
3.115499908196894467e+03 6.803495348195238990e-02 0.000000000000000000e+00
3.119698695135155504e+03 6.812664479392245565e-02 0.000000000000000000e+00
3.123897482073416086e+03 6.821833610589252139e-02 0.000000000000000000e+00
3.128096269011677123e+03 6.831002741786260102e-02 0.000000000000000000e+00
3.132295055949937705e+03 6.840171872983265289e-02 0.000000000000000000e+00
3.136493842888198742e+03 6.849341004180273251e-02 0.000000000000000000e+00
3.140692629826459324e+03 6.858510135377279826e-02 0.000000000000000000e+00
3.144891416764720361e+03 6.867679266574286401e-02 0.000000000000000000e+00
3.149090203702981398e+03 6.876848397771294363e-02 0.000000000000000000e+00
3.153288990641241980e+03 6.886017528968302326e-02 0.000000000000000000e+00
3.157487777579503017e+03 6.895186660165307513e-02 0.000000000000000000e+00
3.161686564517763600e+03 6.904355791362315475e-02 0.000000000000000000e+00
3.165885351456024637e+03 6.913524922559323438e-02 0.000000000000000000e+00
3.170084138394285219e+03 6.922694053756328625e-02 0.000000000000000000e+00
3.174282925332546256e+03 6.931863184953335200e-02 0.000000000000000000e+00
3.178481712270807293e+03 6.941032316150344550e-02 0.000000000000000000e+00
3.182680499209067875e+03 6.950201447347351125e-02 0.000000000000000000e+00
3.186879286147328912e+03 6.959370578544357699e-02 0.000000000000000000e+00
3.191078073085589494e+03 6.968539709741364274e-02 0.000000000000000000e+00
3.195276860023850531e+03 6.977708840938370849e-02 0.000000000000000000e+00
3.199475646962111568e+03 6.986877972135377424e-02 0.000000000000000000e+00
3.203674433900372151e+03 6.996047103332383998e-02 0.000000000000000000e+00
3.207873220838633188e+03 7.005216234529391961e-02 0.000000000000000000e+00
3.212072007776893770e+03 7.014385365726399924e-02 0.000000000000000000e+00
3.216270794715154807e+03 7.023554496923406498e-02 0.000000000000000000e+00
3.220469581653415389e+03 7.032723628120413073e-02 0.000000000000000000e+00
3.224668368591676426e+03 7.041892759317421036e-02 0.000000000000000000e+00
3.228867155529937463e+03 7.051061890514428998e-02 0.000000000000000000e+00
3.233065942468198045e+03 7.060231021711434185e-02 0.000000000000000000e+00
3.237264729406459082e+03 7.069400152908440760e-02 0.000000000000000000e+00
3.241463516344719665e+03 7.078569284105448722e-02 0.000000000000000000e+00
3.245662303282980702e+03 7.087738415302453909e-02 0.000000000000000000e+00
3.249861090221241284e+03 7.096907546499461872e-02 0.000000000000000000e+00
3.254059877159502321e+03 7.106076677696468447e-02 0.000000000000000000e+00
3.258258664097763358e+03 7.115245808893476409e-02 0.000000000000000000e+00
3.262457451036023940e+03 7.124414940090484372e-02 0.000000000000000000e+00
3.266656237974284977e+03 7.133584071287489559e-02 0.000000000000000000e+00
3.270855024912545559e+03 7.142753202484497521e-02 0.000000000000000000e+00
3.275053811850806596e+03 7.151922333681504096e-02 0.000000000000000000e+00
3.279252598789067633e+03 7.161091464878512058e-02 0.000000000000000000e+00
3.283451385727328216e+03 7.170260596075518633e-02 0.000000000000000000e+00
3.287650172665589253e+03 7.179429727272525208e-02 0.000000000000000000e+00
3.291848959603849835e+03 7.188598858469531783e-02 0.000000000000000000e+00
3.296047746542110872e+03 7.197767989666538357e-02 0.000000000000000000e+00
3.300246533480371454e+03 7.206937120863546320e-02 0.000000000000000000e+00
3.304445320418632491e+03 7.216106252060552895e-02 0.000000000000000000e+00
3.308644107356893528e+03 7.225275383257560857e-02 0.000000000000000000e+00
3.312842894295154110e+03 7.234444514454567432e-02 0.000000000000000000e+00
3.317041681233415147e+03 7.243613645651574007e-02 0.000000000000000000e+00
3.321240468171675730e+03 7.252782776848580581e-02 0.000000000000000000e+00
3.325439255109936767e+03 7.261951908045588544e-02 0.000000000000000000e+00
3.329638042048197349e+03 7.271121039242595119e-02 0.000000000000000000e+00
3.333836828986458386e+03 7.280290170439601694e-02 0.000000000000000000e+00
3.338035615924719423e+03 7.289459301636609656e-02 0.000000000000000000e+00
3.342234402862980005e+03 7.298628432833614843e-02 0.000000000000000000e+00
3.346433189801241042e+03 7.307797564030624193e-02 0.000000000000000000e+00
3.350631976739501624e+03 7.316966695227627993e-02 0.000000000000000000e+00
3.354830763677762661e+03 7.326135826424635955e-02 0.000000000000000000e+00
3.359029550616023243e+03 7.335304957621643918e-02 0.000000000000000000e+00
3.363228337554284280e+03 7.344474088818650492e-02 0.000000000000000000e+00
3.367427124492545317e+03 7.353643220015657067e-02 0.000000000000000000e+00
3.371625911430805900e+03 7.362812351212665030e-02 0.000000000000000000e+00
3.375824698369066937e+03 7.371981482409672992e-02 0.000000000000000000e+00
3.380023485307327519e+03 7.381150613606678179e-02 0.000000000000000000e+00
3.384222272245588556e+03 7.390319744803686142e-02 0.000000000000000000e+00
3.388421059183849593e+03 7.399488876000694104e-02 0.000000000000000000e+00
3.392619846122110175e+03 7.408658007197699291e-02 0.000000000000000000e+00
3.396818633060371212e+03 7.417827138394707254e-02 0.000000000000000000e+00
3.401017419998631794e+03 7.426996269591713828e-02 0.000000000000000000e+00
3.405216206936892831e+03 7.436165400788721791e-02 0.000000000000000000e+00
3.409414993875153414e+03 7.445334531985728366e-02 0.000000000000000000e+00
3.413613780813414451e+03 7.454503663182734940e-02 0.000000000000000000e+00
3.417812567751675488e+03 7.463672794379744291e-02 0.000000000000000000e+00
3.422011354689936070e+03 7.472841925576749478e-02 0.000000000000000000e+00
3.426210141628197107e+03 7.482011056773757440e-02 0.000000000000000000e+00
3.430408928566457689e+03 7.491180187970762627e-02 0.000000000000000000e+00
3.434607715504718726e+03 7.500349319167770590e-02 0.000000000000000000e+00
3.438806502442979308e+03 7.509518450364777165e-02 0.000000000000000000e+00
3.443005289381240345e+03 7.518687581561783739e-02 0.000000000000000000e+00
3.447204076319501382e+03 7.527856712758793090e-02 0.000000000000000000e+00
3.451402863257761965e+03 7.537025843955796889e-02 0.000000000000000000e+00
3.455601650196023002e+03 7.546194975152804851e-02 0.000000000000000000e+00
3.459800437134283584e+03 7.555364106349812814e-02 0.000000000000000000e+00
3.463999224072544621e+03 7.564533237546818001e-02 0.000000000000000000e+00
3.468198011010805658e+03 7.573702368743825963e-02 0.000000000000000000e+00
3.472396797949066240e+03 7.582871499940832538e-02 0.000000000000000000e+00
3.476595584887327277e+03 7.592040631137841888e-02 0.000000000000000000e+00
3.480794371825587859e+03 7.601209762334847075e-02 0.000000000000000000e+00
3.484993158763848896e+03 7.610378893531853650e-02 0.000000000000000000e+00
3.489191945702109479e+03 7.619548024728860225e-02 0.000000000000000000e+00
3.493390732640370516e+03 7.628717155925868187e-02 0.000000000000000000e+00
3.497589519578631553e+03 7.637886287122876150e-02 0.000000000000000000e+00
3.501788306516892135e+03 7.647055418319879949e-02 0.000000000000000000e+00
3.505987093455153172e+03 7.656224549516889299e-02 0.000000000000000000e+00
3.510185880393413754e+03 7.665393680713894486e-02 0.000000000000000000e+00
3.514384667331674791e+03 7.674562811910902449e-02 0.000000000000000000e+00
3.518583454269935373e+03 7.683731943107910412e-02 0.000000000000000000e+00
3.522782241208196410e+03 7.692901074304916986e-02 0.000000000000000000e+00
3.526981028146457447e+03 7.702070205501924949e-02 0.000000000000000000e+00
3.531179815084718030e+03 7.711239336698931524e-02 0.000000000000000000e+00
3.535378602022979067e+03 7.720408467895938098e-02 0.000000000000000000e+00
3.539577388961239649e+03 7.729577599092944673e-02 0.000000000000000000e+00
3.543776175899500686e+03 7.738746730289951248e-02 0.000000000000000000e+00
3.547974962837761723e+03 7.747915861486960598e-02 0.000000000000000000e+00
3.552173749776022305e+03 7.757084992683965785e-02 0.000000000000000000e+00
3.556372536714283342e+03 7.766254123880973748e-02 0.000000000000000000e+00
3.560571323652543924e+03 7.775423255077980322e-02 0.000000000000000000e+00
3.564770110590804961e+03 7.784592386274988285e-02 0.000000000000000000e+00
3.568968897529065543e+03 7.793761517471992084e-02 0.000000000000000000e+00
3.573167684467326580e+03 7.802930648669000047e-02 0.000000000000000000e+00
3.577366471405587617e+03 7.812099779866008009e-02 0.000000000000000000e+00
3.581565258343848200e+03 7.821268911063014584e-02 0.000000000000000000e+00
3.585764045282109237e+03 7.830438042260022546e-02 0.000000000000000000e+00
3.589962832220369819e+03 7.839607173457027733e-02 0.000000000000000000e+00
3.594161619158630856e+03 7.848776304654037084e-02 0.000000000000000000e+00
3.598360406096891438e+03 7.857945435851042271e-02 0.000000000000000000e+00
3.602559193035152475e+03 7.867114567048050233e-02 0.000000000000000000e+00
3.606757979973413512e+03 7.876283698245056808e-02 0.000000000000000000e+00
3.610956766911674094e+03 7.885452829442063383e-02 0.000000000000000000e+00
3.615155553849935131e+03 7.894621960639072733e-02 0.000000000000000000e+00
3.619354340788195714e+03 7.903791091836076532e-02 0.000000000000000000e+00
3.623553127726456751e+03 7.912960223033085883e-02 0.000000000000000000e+00
3.627751914664717788e+03 7.922129354230092457e-02 0.000000000000000000e+00
3.631950701602978370e+03 7.931298485427099032e-02 0.000000000000000000e+00
3.636149488541239407e+03 7.940467616624106995e-02 0.000000000000000000e+00
3.640348275479499989e+03 7.949636747821113569e-02 0.000000000000000000e+00
3.644547062417761026e+03 7.958805879018121532e-02 0.000000000000000000e+00
3.648745849356021608e+03 7.967975010215128107e-02 0.000000000000000000e+00
3.652944636294282645e+03 7.977144141412134681e-02 0.000000000000000000e+00
3.657143423232543682e+03 7.986313272609141256e-02 0.000000000000000000e+00
3.661342210170804265e+03 7.995482403806147831e-02 0.000000000000000000e+00
3.665540997109065302e+03 8.004651535003155793e-02 0.000000000000000000e+00
3.669739784047325884e+03 8.013820666200160980e-02 0.000000000000000000e+00
3.673938570985586921e+03 8.022989797397170331e-02 0.000000000000000000e+00
3.678137357923847503e+03 8.032158928594175518e-02 0.000000000000000000e+00
3.682336144862108540e+03 8.041328059791183480e-02 0.000000000000000000e+00
3.686534931800369577e+03 8.050497190988190055e-02 0.000000000000000000e+00
3.690733718738630159e+03 8.059666322185195242e-02 0.000000000000000000e+00
3.694932505676891196e+03 8.068835453382204592e-02 0.000000000000000000e+00
3.699131292615151779e+03 8.078004584579211167e-02 0.000000000000000000e+00
3.703330079553412816e+03 8.087173715776219129e-02 0.000000000000000000e+00
3.707528866491673398e+03 8.096342846973224316e-02 0.000000000000000000e+00
3.711727653429934435e+03 8.105511978170232279e-02 0.000000000000000000e+00
3.715926440368195472e+03 8.114681109367238854e-02 0.000000000000000000e+00
3.720125227306456054e+03 8.123850240564244041e-02 0.000000000000000000e+00
3.724324014244717091e+03 8.133019371761254779e-02 0.000000000000000000e+00
3.728522801182977673e+03 8.142188502958258578e-02 0.000000000000000000e+00
3.732721588121238710e+03 8.151357634155266541e-02 0.000000000000000000e+00
3.736920375059499747e+03 8.160526765352273115e-02 0.000000000000000000e+00
3.741119161997760330e+03 8.169695896549281078e-02 0.000000000000000000e+00
3.745317948936021367e+03 8.178865027746287653e-02 0.000000000000000000e+00
3.749516735874281949e+03 8.188034158943295615e-02 0.000000000000000000e+00
3.753715522812542986e+03 8.197203290140303578e-02 0.000000000000000000e+00
3.757914309750803568e+03 8.206372421337308765e-02 0.000000000000000000e+00
3.762113096689064605e+03 8.215541552534315339e-02 0.000000000000000000e+00
3.766311883627325642e+03 8.224710683731323302e-02 0.000000000000000000e+00
3.770510670565586224e+03 8.233879814928329877e-02 0.000000000000000000e+00
3.774709457503847261e+03 8.243048946125336451e-02 0.000000000000000000e+00
3.778908244442107843e+03 8.252218077322344414e-02 0.000000000000000000e+00
3.783107031380368880e+03 8.261387208519352376e-02 0.000000000000000000e+00
3.787305818318629463e+03 8.270556339716357563e-02 0.000000000000000000e+00
3.791504605256890500e+03 8.279725470913366914e-02 0.000000000000000000e+00
3.795703392195151537e+03 8.288894602110372101e-02 0.000000000000000000e+00
3.799902179133412119e+03 8.298063733307380063e-02 0.000000000000000000e+00
3.804100966071673156e+03 8.307232864504386638e-02 0.000000000000000000e+00
3.808299753009933738e+03 8.316401995701391825e-02 0.000000000000000000e+00
3.812498539948194775e+03 8.325571126898401175e-02 0.000000000000000000e+00
3.816697326886455812e+03 8.334740258095407750e-02 0.000000000000000000e+00
3.820896113824716394e+03 8.343909389292412937e-02 0.000000000000000000e+00
3.825094900762977431e+03 8.353078520489420900e-02 0.000000000000000000e+00
3.829293687701238014e+03 8.362247651686427474e-02 0.000000000000000000e+00
3.833492474639499051e+03 8.371416782883435437e-02 0.000000000000000000e+00
3.837691261577759633e+03 8.380585914080440624e-02 0.000000000000000000e+00
3.841890048516020670e+03 8.389755045277449974e-02 0.000000000000000000e+00
3.846088835454281707e+03 8.398924176474457937e-02 0.000000000000000000e+00
3.850287622392542289e+03 8.408093307671463124e-02 0.000000000000000000e+00
3.854486409330803326e+03 8.417262438868469698e-02 0.000000000000000000e+00
3.858685196269063908e+03 8.426431570065477661e-02 0.000000000000000000e+00
3.862883983207324945e+03 8.435600701262484236e-02 0.000000000000000000e+00
3.867082770145585528e+03 8.444769832459489423e-02 0.000000000000000000e+00
3.871281557083846565e+03 8.453938963656498773e-02 0.000000000000000000e+00
3.875480344022107602e+03 8.463108094853505348e-02 0.000000000000000000e+00
3.879679130960368184e+03 8.472277226050510535e-02 0.000000000000000000e+00
3.883877917898629221e+03 8.481446357247517109e-02 0.000000000000000000e+00
3.888076704836889803e+03 8.490615488444526460e-02 0.000000000000000000e+00
3.892275491775150840e+03 8.499784619641534422e-02 0.000000000000000000e+00
3.896474278713411422e+03 8.508953750838538221e-02 0.000000000000000000e+00
3.900673065651672459e+03 8.518122882035547572e-02 0.000000000000000000e+00
3.904871852589933496e+03 8.527292013232554146e-02 0.000000000000000000e+00
3.909070639528194079e+03 8.536461144429560721e-02 0.000000000000000000e+00
3.913269426466455116e+03 8.545630275626565908e-02 0.000000000000000000e+00
3.917468213404715698e+03 8.554799406823575258e-02 0.000000000000000000e+00
3.921667000342976735e+03 8.563968538020583221e-02 0.000000000000000000e+00
3.925865787281237772e+03 8.573137669217588408e-02 0.000000000000000000e+00
3.930064574219498354e+03 8.582306800414596371e-02 0.000000000000000000e+00
3.934263361157759391e+03 8.591475931611602945e-02 0.000000000000000000e+00
3.938462148096019973e+03 8.600645062808608132e-02 0.000000000000000000e+00
3.942660935034281010e+03 8.609814194005617483e-02 0.000000000000000000e+00
3.946859721972541593e+03 8.618983325202624057e-02 0.000000000000000000e+00
3.951058508910802630e+03 8.628152456399630632e-02 0.000000000000000000e+00
3.955257295849063667e+03 8.637321587596637207e-02 0.000000000000000000e+00
3.959456082787324249e+03 8.646490718793645169e-02 0.000000000000000000e+00
3.963654869725585286e+03 8.655659849990651744e-02 0.000000000000000000e+00
3.967853656663845868e+03 8.664828981187659707e-02 0.000000000000000000e+00
3.972052443602106905e+03 8.673998112384666281e-02 0.000000000000000000e+00
3.976251230540367487e+03 8.683167243581672856e-02 0.000000000000000000e+00
3.980450017478628524e+03 8.692336374778679431e-02 0.000000000000000000e+00
3.984648804416889561e+03 8.701505505975686006e-02 0.000000000000000000e+00
3.988847591355150143e+03 8.710674637172695356e-02 0.000000000000000000e+00
3.993046378293411180e+03 8.719843768369700543e-02 0.000000000000000000e+00
3.997245165231671763e+03 8.729012899566708505e-02 0.000000000000000000e+00
4.001443952169932800e+03 8.738182030763716468e-02 0.000000000000000000e+00
4.005642739108193837e+03 8.747351161960723043e-02 0.000000000000000000e+00
4.009841526046454419e+03 8.756520293157731005e-02 0.000000000000000000e+00
4.014040312984715456e+03 8.765689424354737580e-02 0.000000000000000000e+00
4.018239099922976038e+03 8.774858555551744155e-02 0.000000000000000000e+00
4.022437886861237075e+03 8.784027686748750730e-02 0.000000000000000000e+00
4.026636673799497657e+03 8.793196817945755916e-02 0.000000000000000000e+00
4.030835460737758694e+03 8.802365949142762491e-02 0.000000000000000000e+00
4.035034247676019731e+03 8.811535080339771842e-02 0.000000000000000000e+00
4.039233034614280314e+03 8.820704211536777029e-02 0.000000000000000000e+00
4.043431821552541351e+03 8.829873342733784991e-02 0.000000000000000000e+00
4.047630608490801933e+03 8.839042473930792954e-02 0.000000000000000000e+00
4.051829395429062970e+03 8.848211605127798141e-02 0.000000000000000000e+00
4.056028182367323552e+03 8.857380736324804715e-02 0.000000000000000000e+00
4.060226969305584589e+03 8.866549867521814066e-02 0.000000000000000000e+00
4.064425756243845626e+03 8.875718998718820640e-02 0.000000000000000000e+00
4.068624543182106208e+03 8.884888129915827215e-02 0.000000000000000000e+00
4.072823330120367245e+03 8.894057261112833790e-02 0.000000000000000000e+00
4.077022117058627828e+03 8.903226392309841752e-02 0.000000000000000000e+00
4.081220903996888865e+03 8.912395523506848327e-02 0.000000000000000000e+00
4.085419690935149902e+03 8.921564654703856290e-02 0.000000000000000000e+00
4.089618477873410484e+03 8.930733785900862864e-02 0.000000000000000000e+00
4.093817264811671521e+03 8.939902917097869439e-02 0.000000000000000000e+00
4.098016051749931648e+03 8.949072048294874626e-02 0.000000000000000000e+00
4.102214838688192685e+03 8.958241179491881201e-02 0.000000000000000000e+00
4.106413625626453722e+03 8.967410310688890551e-02 0.000000000000000000e+00
4.110612412564713850e+03 8.976579441885895738e-02 0.000000000000000000e+00
4.114811199502974887e+03 8.985748573082902313e-02 0.000000000000000000e+00
4.119009986441235924e+03 8.994917704279910275e-02 0.000000000000000000e+00
4.123208773379496961e+03 9.004086835476916850e-02 0.000000000000000000e+00
4.127407560317757998e+03 9.013255966673924813e-02 0.000000000000000000e+00
4.131606347256018125e+03 9.022425097870928612e-02 0.000000000000000000e+00
4.135805134194279162e+03 9.031594229067936574e-02 0.000000000000000000e+00
4.140003921132540199e+03 9.040763360264944537e-02 0.000000000000000000e+00
4.144202708070801236e+03 9.049932491461951112e-02 0.000000000000000000e+00
4.148401495009062273e+03 9.059101622658961850e-02 0.000000000000000000e+00
4.152600281947322401e+03 9.068270753855962873e-02 0.000000000000000000e+00
4.156799068885583438e+03 9.077439885052973612e-02 0.000000000000000000e+00
4.160997855823844475e+03 9.086609016249978799e-02 0.000000000000000000e+00
4.165196642762105512e+03 9.095778147446988149e-02 0.000000000000000000e+00
4.169395429700366549e+03 9.104947278643994724e-02 0.000000000000000000e+00
4.173594216638626676e+03 9.114116409840999911e-02 0.000000000000000000e+00
4.177793003576887713e+03 9.123285541038007873e-02 0.000000000000000000e+00
4.181991790515148750e+03 9.132454672235015836e-02 0.000000000000000000e+00
4.186190577453409787e+03 9.141623803432022410e-02 0.000000000000000000e+00
4.190389364391669915e+03 9.150792934629027597e-02 0.000000000000000000e+00
4.194588151329930952e+03 9.159962065826035560e-02 0.000000000000000000e+00
4.198786938268191989e+03 9.169131197023043522e-02 0.000000000000000000e+00
4.202985725206453026e+03 9.178300328220050097e-02 0.000000000000000000e+00
4.207184512144714063e+03 9.187469459417059447e-02 0.000000000000000000e+00
4.211383299082974190e+03 9.196638590614061859e-02 0.000000000000000000e+00
4.215582086021235227e+03 9.205807721811071209e-02 0.000000000000000000e+00
4.219780872959496264e+03 9.214976853008077784e-02 0.000000000000000000e+00
4.223979659897757301e+03 9.224145984205084359e-02 0.000000000000000000e+00
4.228178446836018338e+03 9.233315115402092321e-02 0.000000000000000000e+00
4.232377233774278466e+03 9.242484246599097508e-02 0.000000000000000000e+00
4.236576020712539503e+03 9.251653377796106859e-02 0.000000000000000000e+00
4.240774807650800540e+03 9.260822508993113433e-02 0.000000000000000000e+00
4.244973594589061577e+03 9.269991640190120008e-02 0.000000000000000000e+00
4.249172381527322614e+03 9.279160771387126583e-02 0.000000000000000000e+00
4.253371168465582741e+03 9.288329902584133158e-02 0.000000000000000000e+00
4.257569955403843778e+03 9.297499033781141120e-02 0.000000000000000000e+00
4.261768742342104815e+03 9.306668164978147695e-02 0.000000000000000000e+00
4.265967529280365852e+03 9.315837296175157045e-02 0.000000000000000000e+00
4.270166316218625980e+03 9.325006427372160844e-02 0.000000000000000000e+00
4.274365103156887017e+03 9.334175558569168807e-02 0.000000000000000000e+00
4.278563890095148054e+03 9.343344689766175382e-02 0.000000000000000000e+00
4.282762677033409091e+03 9.352513820963184732e-02 0.000000000000000000e+00
4.286961463971670128e+03 9.361682952160191307e-02 0.000000000000000000e+00
4.291160250909930255e+03 9.370852083357195106e-02 0.000000000000000000e+00
4.295359037848191292e+03 9.380021214554203068e-02 0.000000000000000000e+00
4.299557824786452329e+03 9.389190345751209643e-02 0.000000000000000000e+00
4.303756611724713366e+03 9.398359476948217606e-02 0.000000000000000000e+00
4.307955398662974403e+03 9.407528608145224180e-02 0.000000000000000000e+00
4.312154185601234531e+03 9.416697739342232143e-02 0.000000000000000000e+00
4.316352972539495568e+03 9.425866870539238718e-02 0.000000000000000000e+00
4.320551759477756605e+03 9.435036001736245292e-02 0.000000000000000000e+00
4.324750546416017642e+03 9.444205132933254643e-02 0.000000000000000000e+00
4.328949333354278679e+03 9.453374264130261218e-02 0.000000000000000000e+00
4.333148120292538806e+03 9.462543395327266404e-02 0.000000000000000000e+00
4.337346907230799843e+03 9.471712526524272979e-02 0.000000000000000000e+00
4.341545694169060880e+03 9.480881657721282330e-02 0.000000000000000000e+00
4.345744481107321917e+03 9.490050788918288904e-02 0.000000000000000000e+00
4.349943268045582045e+03 9.499219920115294091e-02 0.000000000000000000e+00
4.354142054983843082e+03 9.508389051312303442e-02 0.000000000000000000e+00
4.358340841922104119e+03 9.517558182509308629e-02 0.000000000000000000e+00
4.362539628860365156e+03 9.526727313706316591e-02 0.000000000000000000e+00
4.366738415798626193e+03 9.535896444903323166e-02 0.000000000000000000e+00
4.370937202736886320e+03 9.545065576100329741e-02 0.000000000000000000e+00
4.375135989675147357e+03 9.554234707297334928e-02 0.000000000000000000e+00
4.379334776613408394e+03 9.563403838494344278e-02 0.000000000000000000e+00
4.383533563551669431e+03 9.572572969691353628e-02 0.000000000000000000e+00
4.387732350489930468e+03 9.581742100888357427e-02 0.000000000000000000e+00
4.391931137428190596e+03 9.590911232085365390e-02 0.000000000000000000e+00
4.396129924366451633e+03 9.600080363282370577e-02 0.000000000000000000e+00
4.400328711304712670e+03 9.609249494479379927e-02 0.000000000000000000e+00
4.404527498242973707e+03 9.618418625676386502e-02 0.000000000000000000e+00
4.408726285181234744e+03 9.627587756873393077e-02 0.000000000000000000e+00
4.412925072119494871e+03 9.636756888070399651e-02 0.000000000000000000e+00
4.417123859057755908e+03 9.645926019267406226e-02 0.000000000000000000e+00
4.421322645996016945e+03 9.655095150464414189e-02 0.000000000000000000e+00
4.425521432934277982e+03 9.664264281661420763e-02 0.000000000000000000e+00
4.429720219872538109e+03 9.673433412858425950e-02 0.000000000000000000e+00
4.433919006810799146e+03 9.682602544055433913e-02 0.000000000000000000e+00
4.438117793749060183e+03 9.691771675252441876e-02 0.000000000000000000e+00
4.442316580687321220e+03 9.700940806449451226e-02 0.000000000000000000e+00
4.446515367625582257e+03 9.710109937646456413e-02 0.000000000000000000e+00
4.450714154563842385e+03 9.719279068843462988e-02 0.000000000000000000e+00
4.454912941502103422e+03 9.728448200040469562e-02 0.000000000000000000e+00
4.459111728440364459e+03 9.737617331237477525e-02 0.000000000000000000e+00
4.463310515378625496e+03 9.746786462434484100e-02 0.000000000000000000e+00
4.467509302316886533e+03 9.755955593631490674e-02 0.000000000000000000e+00
4.471708089255146660e+03 9.765124724828495861e-02 0.000000000000000000e+00
4.475906876193407697e+03 9.774293856025502436e-02 0.000000000000000000e+00
4.480105663131668734e+03 9.783462987222510399e-02 0.000000000000000000e+00
4.484304450069929771e+03 9.792632118419519749e-02 0.000000000000000000e+00
4.488503237008190808e+03 9.801801249616527711e-02 0.000000000000000000e+00
4.492702023946450936e+03 9.810970380813532898e-02 0.000000000000000000e+00
4.496900810884711973e+03 9.820139512010539473e-02 0.000000000000000000e+00
4.501099597822973010e+03 9.829308643207546048e-02 0.000000000000000000e+00
4.505298384761234047e+03 9.838477774404554010e-02 0.000000000000000000e+00
4.509497171699494174e+03 9.847646905601560585e-02 0.000000000000000000e+00
4.513695958637755211e+03 9.856816036798569935e-02 0.000000000000000000e+00
4.517894745576016248e+03 9.865985167995575122e-02 0.000000000000000000e+00
4.522093532514277285e+03 9.875154299192581697e-02 0.000000000000000000e+00
4.526292319452538322e+03 9.884323430389589660e-02 0.000000000000000000e+00
4.530491106390798450e+03 9.893492561586594847e-02 0.000000000000000000e+00
4.534689893329059487e+03 9.902661692783601421e-02 0.000000000000000000e+00
4.538888680267320524e+03 9.911830823980607996e-02 0.000000000000000000e+00
4.543087467205581561e+03 9.920999955177617347e-02 0.000000000000000000e+00
4.547286254143842598e+03 9.930169086374626697e-02 0.000000000000000000e+00
4.551485041082102725e+03 9.939338217571631884e-02 0.000000000000000000e+00
4.555683828020363762e+03 9.948507348768637071e-02 0.000000000000000000e+00
4.559882614958624799e+03 9.957676479965646421e-02 0.000000000000000000e+00
4.564081401896885836e+03 9.966845611162654384e-02 0.000000000000000000e+00
4.568280188835145964e+03 9.976014742359658183e-02 0.000000000000000000e+00
4.572478975773407001e+03 9.985183873556666145e-02 0.000000000000000000e+00
4.576677762711668038e+03 9.994353004753672720e-02 0.000000000000000000e+00
4.580876549649929075e+03 1.000352213595067791e-01 0.000000000000000000e+00
4.585075336588190112e+03 1.001269126714768448e-01 0.000000000000000000e+00
4.589274123526450239e+03 1.002186039834469383e-01 0.000000000000000000e+00
4.593472910464711276e+03 1.003102952954169902e-01 0.000000000000000000e+00
4.597671697402972313e+03 1.004019866073870837e-01 0.000000000000000000e+00
4.601870484341233350e+03 1.004936779193571633e-01 0.000000000000000000e+00
4.606069271279494387e+03 1.005853692313272291e-01 0.000000000000000000e+00
4.610268058217754515e+03 1.006770605432972948e-01 0.000000000000000000e+00
4.614466845156015552e+03 1.007687518552673744e-01 0.000000000000000000e+00
4.618665632094276589e+03 1.008604431672374402e-01 0.000000000000000000e+00
4.622864419032537626e+03 1.009521344792074921e-01 0.000000000000000000e+00
4.627063205970798663e+03 1.010438257911775856e-01 0.000000000000000000e+00
4.631261992909058790e+03 1.011355171031476374e-01 0.000000000000000000e+00
4.635460779847319827e+03 1.012272084151177032e-01 0.000000000000000000e+00
4.639659566785580864e+03 1.013188997270877828e-01 0.000000000000000000e+00
4.643858353723841901e+03 1.014105910390578486e-01 0.000000000000000000e+00
4.648057140662102029e+03 1.015022823510279004e-01 0.000000000000000000e+00
4.652255927600363066e+03 1.015939736629979662e-01 0.000000000000000000e+00
4.656454714538624103e+03 1.016856649749680597e-01 0.000000000000000000e+00
4.660653501476885140e+03 1.017773562869381393e-01 0.000000000000000000e+00
4.664852288415146177e+03 1.018690475989082050e-01 0.000000000000000000e+00
4.669051075353406304e+03 1.019607389108782847e-01 0.000000000000000000e+00
4.673249862291667341e+03 1.020524302228483227e-01 0.000000000000000000e+00
4.677448649229928378e+03 1.021441215348184023e-01 0.000000000000000000e+00
4.681647436168189415e+03 1.022358128467884680e-01 0.000000000000000000e+00
4.685846223106450452e+03 1.023275041587585477e-01 0.000000000000000000e+00
4.690045010044710580e+03 1.024191954707285995e-01 0.000000000000000000e+00
4.694243796982971617e+03 1.025108867826986653e-01 0.000000000000000000e+00
4.698442583921232654e+03 1.026025780946687310e-01 0.000000000000000000e+00
4.702641370859493691e+03 1.026942694066388106e-01 0.000000000000000000e+00
4.706840157797754728e+03 1.027859607186089180e-01 0.000000000000000000e+00
4.711038944736014855e+03 1.028776520305789699e-01 0.000000000000000000e+00
4.715237731674275892e+03 1.029693433425490495e-01 0.000000000000000000e+00
4.719436518612536929e+03 1.030610346545191153e-01 0.000000000000000000e+00
4.723635305550797966e+03 1.031527259664891810e-01 0.000000000000000000e+00
4.727834092489058094e+03 1.032444172784592606e-01 0.000000000000000000e+00
4.732032879427319131e+03 1.033361085904293125e-01 0.000000000000000000e+00
4.736231666365580168e+03 1.034277999023993783e-01 0.000000000000000000e+00
4.740430453303841205e+03 1.035194912143694718e-01 0.000000000000000000e+00
4.744629240242102242e+03 1.036111825263395375e-01 0.000000000000000000e+00
4.748828027180362369e+03 1.037028738383095755e-01 0.000000000000000000e+00
4.753026814118623406e+03 1.037945651502796690e-01 0.000000000000000000e+00
4.757225601056884443e+03 1.038862564622497348e-01 0.000000000000000000e+00
4.761424387995145480e+03 1.039779477742198005e-01 0.000000000000000000e+00
4.765623174933406517e+03 1.040696390861898801e-01 0.000000000000000000e+00
4.769821961871666645e+03 1.041613303981599459e-01 0.000000000000000000e+00
4.774020748809927682e+03 1.042530217101300255e-01 0.000000000000000000e+00
4.778219535748188719e+03 1.043447130221000774e-01 0.000000000000000000e+00
4.782418322686449756e+03 1.044364043340701709e-01 0.000000000000000000e+00
4.786617109624710793e+03 1.045280956460402366e-01 0.000000000000000000e+00
4.790815896562970920e+03 1.046197869580102885e-01 0.000000000000000000e+00
4.795014683501231957e+03 1.047114782699803820e-01 0.000000000000000000e+00
4.799213470439492994e+03 1.048031695819504477e-01 0.000000000000000000e+00
4.803412257377754031e+03 1.048948608939204996e-01 0.000000000000000000e+00
4.807611044316014159e+03 1.049865522058905654e-01 0.000000000000000000e+00
4.811809831254275196e+03 1.050782435178606589e-01 0.000000000000000000e+00
4.816008618192536233e+03 1.051699348298307107e-01 0.000000000000000000e+00
4.820207405130797270e+03 1.052616261418007904e-01 0.000000000000000000e+00
4.824406192069058307e+03 1.053533174537708283e-01 0.000000000000000000e+00
4.828604979007318434e+03 1.054450087657409080e-01 0.000000000000000000e+00
4.832803765945579471e+03 1.055367000777110015e-01 0.000000000000000000e+00
4.837002552883840508e+03 1.056283913896810672e-01 0.000000000000000000e+00
4.841201339822101545e+03 1.057200827016511607e-01 0.000000000000000000e+00
4.845400126760362582e+03 1.058117740136212404e-01 0.000000000000000000e+00
4.849598913698622709e+03 1.059034653255912645e-01 0.000000000000000000e+00
4.853797700636883746e+03 1.059951566375613580e-01 0.000000000000000000e+00
4.857996487575144783e+03 1.060868479495314237e-01 0.000000000000000000e+00
4.862195274513405820e+03 1.061785392615015033e-01 0.000000000000000000e+00
4.866394061451666857e+03 1.062702305734715552e-01 0.000000000000000000e+00
4.870592848389926985e+03 1.063619218854416210e-01 0.000000000000000000e+00
4.874791635328188022e+03 1.064536131974116728e-01 0.000000000000000000e+00
4.878990422266449059e+03 1.065453045093817663e-01 0.000000000000000000e+00
4.883189209204710096e+03 1.066369958213518321e-01 0.000000000000000000e+00
4.887387996142970223e+03 1.067286871333219117e-01 0.000000000000000000e+00
4.891586783081231260e+03 1.068203784452919775e-01 0.000000000000000000e+00
4.895785570019492297e+03 1.069120697572620432e-01 0.000000000000000000e+00
4.899984356957753334e+03 1.070037610692321367e-01 0.000000000000000000e+00
4.904183143896014371e+03 1.070954523812021886e-01 0.000000000000000000e+00
4.908381930834274499e+03 1.071871436931722404e-01 0.000000000000000000e+00
4.912580717772535536e+03 1.072788350051423339e-01 0.000000000000000000e+00
4.916779504710796573e+03 1.073705263171123858e-01 0.000000000000000000e+00
4.920978291649057610e+03 1.074622176290824516e-01 0.000000000000000000e+00
4.925177078587318647e+03 1.075539089410525034e-01 0.000000000000000000e+00
4.929375865525578774e+03 1.076456002530225969e-01 0.000000000000000000e+00
4.933574652463839811e+03 1.077372915649926766e-01 0.000000000000000000e+00
4.937773439402100848e+03 1.078289828769627423e-01 0.000000000000000000e+00
4.941972226340361885e+03 1.079206741889328358e-01 0.000000000000000000e+00
4.946171013278622922e+03 1.080123655009029016e-01 0.000000000000000000e+00
4.950369800216883050e+03 1.081040568128729534e-01 0.000000000000000000e+00
4.954568587155144087e+03 1.081957481248430331e-01 0.000000000000000000e+00
4.958767374093405124e+03 1.082874394368130988e-01 0.000000000000000000e+00
4.962966161031666161e+03 1.083791307487831646e-01 0.000000000000000000e+00
4.967164947969926288e+03 1.084708220607532164e-01 0.000000000000000000e+00
4.971363734908187325e+03 1.085625133727233099e-01 0.000000000000000000e+00
4.975562521846448362e+03 1.086542046846933618e-01 0.000000000000000000e+00
4.979761308784709399e+03 1.087458959966634275e-01 0.000000000000000000e+00
4.983960095722970436e+03 1.088375873086335072e-01 0.000000000000000000e+00
4.988158882661230564e+03 1.089292786206035729e-01 0.000000000000000000e+00
4.992357669599491601e+03 1.090209699325736248e-01 0.000000000000000000e+00
4.996556456537752638e+03 1.091126612445437460e-01 0.000000000000000000e+00
5.000755243476013675e+03 1.092043525565138118e-01 0.000000000000000000e+00
5.004954030414274712e+03 1.092960438684838775e-01 0.000000000000000000e+00
5.009152817352534839e+03 1.093877351804539294e-01 0.000000000000000000e+00
5.013351604290795876e+03 1.094794264924240090e-01 0.000000000000000000e+00
5.017550391229056913e+03 1.095711178043940748e-01 0.000000000000000000e+00
5.021749178167317950e+03 1.096628091163641544e-01 0.000000000000000000e+00
5.025947965105578987e+03 1.097545004283341924e-01 0.000000000000000000e+00
5.030146752043839115e+03 1.098461917403042859e-01 0.000000000000000000e+00
5.034345538982100152e+03 1.099378830522743655e-01 0.000000000000000000e+00
5.038544325920361189e+03 1.100295743642444313e-01 0.000000000000000000e+00
5.042743112858622226e+03 1.101212656762145109e-01 0.000000000000000000e+00
5.046941899796882353e+03 1.102129569881845489e-01 0.000000000000000000e+00
5.051140686735143390e+03 1.103046483001546424e-01 0.000000000000000000e+00
5.055339473673404427e+03 1.103963396121247220e-01 0.000000000000000000e+00
5.059538260611665464e+03 1.104880309240947878e-01 0.000000000000000000e+00
5.063737047549926501e+03 1.105797222360648674e-01 0.000000000000000000e+00
5.067935834488186629e+03 1.106714135480349054e-01 0.000000000000000000e+00
5.072134621426447666e+03 1.107631048600049573e-01 0.000000000000000000e+00
5.076333408364708703e+03 1.108547961719750508e-01 0.000000000000000000e+00
5.080532195302969740e+03 1.109464874839451304e-01 0.000000000000000000e+00
5.084730982241230777e+03 1.110381787959151961e-01 0.000000000000000000e+00
5.088929769179490904e+03 1.111298701078852758e-01 0.000000000000000000e+00
5.093128556117751941e+03 1.112215614198553415e-01 0.000000000000000000e+00
5.097327343056012978e+03 1.113132527318253934e-01 0.000000000000000000e+00
5.101526129994274015e+03 1.114049440437954869e-01 0.000000000000000000e+00
5.105724916932535052e+03 1.114966353557655526e-01 0.000000000000000000e+00
5.109923703870795180e+03 1.115883266677356045e-01 0.000000000000000000e+00
5.114122490809056217e+03 1.116800179797056702e-01 0.000000000000000000e+00
5.118321277747317254e+03 1.117717092916757637e-01 0.000000000000000000e+00
5.122520064685578291e+03 1.118634006036458434e-01 0.000000000000000000e+00
5.126718851623838418e+03 1.119550919156158952e-01 0.000000000000000000e+00
5.130917638562099455e+03 1.120467832275859610e-01 0.000000000000000000e+00
5.135116425500360492e+03 1.121384745395560545e-01 0.000000000000000000e+00
5.139315212438621529e+03 1.122301658515261202e-01 0.000000000000000000e+00
5.143513999376882566e+03 1.123218571634961999e-01 0.000000000000000000e+00
5.147712786315142694e+03 1.124135484754662656e-01 0.000000000000000000e+00
5.151911573253403731e+03 1.125052397874363175e-01 0.000000000000000000e+00
5.156110360191664768e+03 1.125969310994063971e-01 0.000000000000000000e+00
5.160309147129925805e+03 1.126886224113764629e-01 0.000000000000000000e+00
5.164507934068186842e+03 1.127803137233465564e-01 0.000000000000000000e+00
5.168706721006446969e+03 1.128720050353166082e-01 0.000000000000000000e+00
5.172905507944708006e+03 1.129636963472866601e-01 0.000000000000000000e+00
5.177104294882969043e+03 1.130553876592567675e-01 0.000000000000000000e+00
5.181303081821230080e+03 1.131470789712268193e-01 0.000000000000000000e+00
5.185501868759490208e+03 1.132387702831968712e-01 0.000000000000000000e+00
5.189700655697751245e+03 1.133304615951669370e-01 0.000000000000000000e+00
5.193899442636012282e+03 1.134221529071370305e-01 0.000000000000000000e+00
5.198098229574273319e+03 1.135138442191070823e-01 0.000000000000000000e+00
5.202297016512534356e+03 1.136055355310771481e-01 0.000000000000000000e+00
5.206495803450794483e+03 1.136972268430472277e-01 0.000000000000000000e+00
5.210694590389055520e+03 1.137889181550172796e-01 0.000000000000000000e+00
5.214893377327316557e+03 1.138806094669873731e-01 0.000000000000000000e+00
5.219092164265577594e+03 1.139723007789574388e-01 0.000000000000000000e+00
5.223290951203838631e+03 1.140639920909275323e-01 0.000000000000000000e+00
5.227489738142098759e+03 1.141556834028975564e-01 0.000000000000000000e+00
5.231688525080359796e+03 1.142473747148676361e-01 0.000000000000000000e+00
5.235887312018620833e+03 1.143390660268377296e-01 0.000000000000000000e+00
5.240086098956881870e+03 1.144307573388077953e-01 0.000000000000000000e+00
5.244284885895141997e+03 1.145224486507778472e-01 0.000000000000000000e+00
