# mZp, gBL (Constraint line for max(CPS) = 1, calculated with 1-loop effective potential)
5.304347234672926133e+05 1.330588753289670611e-03
5.321200277917152271e+05 1.343733933976880811e-03
5.338106866876634303e+05 1.356980429057654891e-03
5.355067171677516308e+05 1.370328719030926247e-03
5.372081362986512249e+05 1.383779283905065601e-03
5.389149612012538128e+05 1.397332603171286183e-03
5.406272090508519905e+05 1.410989155777120016e-03
5.423448970773036126e+05 1.424749420099706435e-03
5.440680425652136328e+05 1.438613873919141741e-03
5.457966628540997626e+05 1.452582994391681415e-03
5.475307753385753604e+05 1.466657258022984172e-03
5.492703974685157882e+05 1.480837140641211172e-03
5.510155467492428143e+05 1.495123117370197657e-03
5.527662407416917849e+05 1.509515662602442434e-03
5.545224970625976566e+05 1.524015249972222267e-03
5.562843333846626338e+05 1.538622352328510023e-03
5.580517674367437139e+05 1.553337441708004061e-03
5.598248170040214900e+05 1.568160989307981540e-03
5.616034999281886267e+05 1.583093465459297234e-03
5.633878341076197103e+05 1.598135339599158350e-03
5.651778374975614715e+05 1.613287080244079534e-03
5.669735281103031011e+05 1.628549154962632322e-03
5.687749240153676365e+05 1.643922030348356341e-03
5.705820433396841399e+05 1.659406171992460193e-03
5.723949042677793186e+05 1.675002044456735473e-03
5.742135250419515651e+05 1.690710111246224254e-03
5.760379239624633919e+05 1.706530834782127044e-03
5.778681193877167534e+05 1.722464676374447709e-03
5.797041297344464110e+05 1.738512096194905774e-03
5.815459734778968850e+05 1.754673553249609967e-03
5.833936691520166351e+05 1.770949505351919126e-03
5.852472353496361757e+05 1.787340409095191643e-03
5.871066907226638868e+05 1.803846719825643544e-03
5.889720539822644787e+05 1.820468891615118108e-03
5.908433438990570139e+05 1.837207377233960855e-03
5.927205793032938382e+05 1.854062628123857902e-03
5.946037790850598831e+05 1.871035094370756277e-03
5.964929621944531100e+05 1.888125224677715715e-03
5.983881476417846279e+05 1.905333466337896190e-03
6.002893544977609999e+05 1.922660265207483225e-03
6.021966018936847104e+05 1.940106065678755438e-03
6.041099090216382174e+05 1.957671310653024375e-03
6.060292951346857008e+05 1.975356441513829997e-03
6.079547795470579294e+05 1.993161898099959656e-03
6.098863816343557555e+05 2.011088118678703868e-03
6.118241208337356802e+05 2.029135539918991947e-03
6.137680166441149777e+05 2.047304596864752291e-03
6.157180886263584252e+05 2.065595722908136062e-03
6.176743564034844749e+05 2.084009349763003231e-03
6.196368396608534968e+05 2.102545907438271161e-03
6.216055581463751150e+05 2.121205824211485659e-03
6.235805316706974991e+05 2.139989526602352130e-03
6.255617801074164454e+05 2.158897439346414183e-03
6.275493233932653675e+05 2.177929985368712296e-03
6.295431815283257747e+05 2.197087585757646726e-03
6.315433745762190083e+05 2.216370659738751536e-03
6.335499226643175352e+05 2.235779624648749197e-03
6.355628459839379648e+05 2.255314895909460351e-03
6.375821647905540885e+05 2.274976887002032756e-03
6.396078994039904792e+05 2.294766009441060080e-03
6.416400702086371602e+05 2.314682672748946159e-03
6.436786976536446018e+05 2.334727284430239760e-03
6.457238022531401366e+05 2.354900249946193999e-03
6.477754045864230720e+05 2.375201972689278043e-03
6.498335252981832018e+05 2.395632853957951631e-03
6.518981850986973150e+05 2.416193292931403599e-03
6.539694047640488716e+05 2.436883686644534565e-03
6.560472051363256760e+05 2.457704429962893639e-03
6.581316071238408331e+05 2.478655915557917422e-03
6.602226317013322841e+05 2.499738533882074447e-03
6.623202999101844616e+05 2.520952673144389103e-03
6.644246328586293384e+05 2.542298719285788610e-03
6.665356517219698289e+05 2.563777055954872836e-03
6.686533777427816531e+05 2.585388064483554443e-03
6.707778322311384836e+05 2.607132123863052046e-03
6.729090365648148581e+05 2.629009610719826133e-03
6.750470121895127231e+05 2.651020899291843709e-03
6.771917806190660922e+05 2.673166361404758374e-03
6.793433634356684051e+05 2.695446366448491556e-03
6.815017822900790488e+05 2.717861281353696652e-03
6.836670589018517639e+05 2.740411470568642968e-03
6.858392150595426792e+05 2.763097296035955681e-03
6.880182726209401153e+05 2.785919117169812897e-03
6.902042535132737830e+05 2.808877290832996997e-03
6.923971797334465664e+05 2.831972171314450781e-03
6.945970733482444193e+05 2.855204110306582086e-03
6.968039564945698949e+05 2.878573456883162102e-03
6.990178513796536718e+05 2.902080557477025938e-03
7.012387802812890150e+05 2.925725755858224648e-03
7.034667655480448157e+05 2.949509393112112639e-03
7.057018295995021472e+05 2.973431807617861380e-03
7.079439949264677707e+05 2.997493335026846489e-03
7.101932840912124375e+05 3.021694308241572573e-03
7.124497197276862571e+05 3.046035057394406824e-03
7.147133245417582802e+05 3.070515909826865113e-03
7.169841213114325656e+05 3.095137190068716383e-03
7.192621328870902071e+05 3.119899219817657329e-03
7.215473821917065652e+05 3.144802317918825307e-03
7.238398922210942255e+05 3.169846800344788308e-03
7.261396860441224417e+05 3.195032980175537517e-03
7.284467868029596284e+05 3.220361167578817286e-03
7.307612177133018849e+05 3.245831669790572201e-03
7.330830020646033809e+05 3.271444791095609247e-03
7.354121632203140762e+05 3.297200832808497642e-03
7.377487246181173250e+05 3.323100093254699374e-03
7.400927097701632883e+05 3.349142867751846771e-03
7.424441422633006005e+05 3.375329448591226494e-03
7.448030457593242172e+05 3.401660125019646472e-03
7.471694439952019602e+05 3.428135183221215666e-03
7.495433607833248097e+05 3.454754906299719718e-03
7.519248200117349625e+05 3.481519574260844799e-03
7.543138456443778705e+05 3.508429463994976964e-03
7.567104617213316960e+05 3.535484849259893075e-03
7.591146923590610968e+05 3.562686000664039374e-03
7.615265617506476119e+05 3.590033185649638310e-03
7.639460941660456592e+05 3.617526668476478847e-03
7.663733139523143182e+05 3.645166710205465215e-03
7.688082455338746076e+05 3.672953568682881670e-03
7.712509134127428988e+05 3.700887498524471630e-03
7.737013421687900554e+05 3.728968751100110533e-03
7.761595564599761274e+05 3.757197574518414494e-03
7.786255810226108879e+05 3.785574213611906692e-03
7.810994406715905061e+05 3.814098909922106987e-03
7.835811603006598307e+05 3.842771901685188788e-03
7.860707648826497607e+05 3.871593423817628558e-03
7.885682794697418576e+05 3.900563707902296364e-03
7.910737291937073460e+05 3.929682982174624063e-03
7.935871392661727732e+05 3.958951471509279153e-03
7.961085349788609892e+05 3.988369397406783985e-03
7.986379417038586689e+05 4.017936977980703962e-03
8.011753848938582232e+05 4.047654427944855256e-03
8.037208900824277662e+05 4.077521958600986533e-03
8.062744828842537245e+05 4.107539777826483239e-03
8.088361889954130165e+05 4.137708090062636526e-03
8.114060341936177574e+05 4.168027096302857545e-03
8.139840443384875543e+05 4.198496994081510163e-03
8.165702453717975877e+05 4.229117977462635257e-03
8.191646633177517215e+05 4.259890237029350692e-03
8.217673242832318647e+05 4.290813959873170623e-03
8.243782544580735266e+05 4.321889329583874714e-03
8.269974801153164590e+05 4.353116526239407709e-03
8.296250276114820736e+05 4.384495726396362737e-03
8.322609233868253650e+05 4.416027103080403041e-03
8.349051939656144241e+05 4.447710825777304727e-03
8.375578659563835245e+05 4.479547060423937077e-03
8.402189660522154300e+05 4.511535969399922859e-03
8.428885210309949471e+05 4.543677711519152930e-03
8.455665577556932112e+05 4.575972442022023350e-03
8.482531031746236840e+05 4.608420312567525906e-03
8.509481843217276037e+05 4.641021471226105394e-03
8.536518283168314956e+05 4.673776062472307855e-03
8.563640623659344856e+05 4.706684227178160873e-03
8.590849137614679057e+05 4.739746102606513106e-03
8.618144098825841211e+05 4.772961822404979230e-03
8.645525781954176491e+05 4.806331516599795552e-03
8.672994462533760816e+05 4.839855311590426749e-03
8.700550416974029504e+05 4.873533330144043385e-03
8.728193922562698135e+05 4.907365691390622175e-03
8.755925257468416821e+05 4.941352510818121727e-03
8.783744700743705034e+05 4.975493900268167409e-03
8.811652532327623339e+05 5.009789967931774397e-03
8.839649033048725687e+05 5.044240818345676128e-03
8.867734484627752099e+05 5.078846552388658828e-03
8.895909169680597261e+05 5.113607267278512739e-03
8.924173371721014846e+05 5.148523056568925227e-03
8.952527375163617544e+05 5.183594010147050436e-03
8.980971465326589532e+05 5.218820214231091083e-03
9.009505928434703965e+05 5.254201751368389392e-03
9.038131051622058731e+05 5.289738700433627323e-03
9.066847122935111402e+05 5.325431136627624407e-03
9.095654431335431291e+05 5.361279131476059251e-03
9.124553266702754190e+05 5.397282752828923974e-03
9.153543919837750727e+05 5.433442064859867610e-03
9.182626682465102058e+05 5.469757128066233404e-03
9.211801847236286849e+05 5.506227999269089173e-03
9.241069707732675597e+05 5.542854731613844864e-03
9.270430558468331583e+05 5.579637374570871854e-03
9.299884694893129636e+05 5.616575973936816131e-03
9.329432413395575713e+05 5.653670571835783115e-03
9.359074011305941967e+05 5.690921206721310036e-03
9.388809786899103783e+05 5.728327913378167442e-03
9.418640039397699293e+05 5.765890722924895372e-03
9.448565068974982714e+05 5.803609662816349053e-03
9.478585176757996669e+05 5.841484756846759829e-03
9.508700664830456953e+05 5.879516025152935720e-03
9.538911836235936498e+05 5.917703484217979801e-03
9.569218994980767602e+05 5.956047146875067567e-03
9.599622446037252666e+05 5.994547022311828843e-03
9.630122495346576907e+05 6.033203116074689794e-03
9.660719449822047027e+05 6.072015430073964340e-03
9.691413617352016736e+05 6.110983962588798120e-03
9.722205306803147541e+05 6.150108708272831494e-03
9.753094828023357550e+05 6.189389658159815712e-03
9.784082491845096229e+05 6.228826799669887407e-03
9.815168610088315327e+05 6.268420116615805796e-03
9.846353495563764591e+05 6.308169589209882029e-03
9.877637462075978983e+05 6.348075194070796658e-03
9.909020824426601175e+05 6.388136904231159555e-03
9.940503898417380406e+05 6.428354689144961422e-03
9.972087000853519421e+05 6.468728514695725254e-03
1.000377044954669778e+06 6.509258343204674287e-03
1.003555456331843161e+06 6.549944133439359641e-03
1.006743966200311785e+06 6.590785840622543842e-03
1.009942606645141961e+06 6.631783416441447768e-03
1.013151409853332792e+06 6.672936809057148505e-03
1.016370408114156453e+06 6.714245963114581772e-03
1.019599633819467155e+06 6.755710819752491422e-03
1.022839119464042713e+06 6.797331316614019063e-03
1.026088897645895835e+06 6.839107387857259850e-03
1.029349001066616154e+06 6.881038964166485278e-03
1.032619462531693513e+06 6.923125972763456183e-03
1.035900314950843225e+06 6.965368337418944775e-03
1.039191591338342056e+06 7.007765978464795299e-03
1.042493324813364074e+06 7.050318812806224099e-03
1.045805548600310576e+06 7.093026753934333906e-03
1.049128296029139077e+06 7.135889711938862325e-03
1.052461600535704056e+06 7.178907593521469815e-03
1.055805495662096189e+06 7.222080302009194208e-03
1.059160015056977514e+06 7.265407737368168896e-03
1.062525192475914489e+06 7.308889796217609043e-03
1.065901061781721655e+06 7.352526371844250556e-03
1.069287656944807852e+06 7.396317354216978140e-03
1.072685012043513125e+06 7.440262630001767338e-03
1.076093161264444701e+06 7.484362082576738462e-03
1.079512138902837411e+06 7.528615592048017169e-03
1.082941979362880113e+06 7.573023035265143144e-03
1.086382717158079613e+06 7.617584285837514409e-03
1.089834386911591282e+06 7.662299214150496834e-03
1.093297023356584366e+06 7.707167687382349835e-03
1.096770661336573772e+06 7.752189569520926554e-03
1.100255335805788636e+06 7.797364721381116505e-03
1.103751081829506205e+06 7.842693000622244850e-03
1.107257934584422503e+06 7.888174261765992096e-03
1.110775929358988535e+06 7.933808356214329394e-03
1.114305101553783286e+06 7.979595132268028912e-03
1.117845486681851558e+06 8.025534435145217568e-03
1.121397120369080454e+06 8.071626107000351436e-03
1.124960038354538381e+06 8.117869986943344537e-03
1.128534276490853867e+06 8.164265911059126121e-03
1.132119870744557353e+06 8.210813712427251707e-03
1.135716857196462108e+06 8.257513221142117818e-03
1.139325272042008815e+06 8.304364264332992837e-03
1.142945151591647416e+06 8.351366666184771234e-03
1.146576532271185424e+06 8.398520247958634125e-03
1.150219450622171629e+06 8.445824828013308305e-03
1.153873943302246043e+06 8.493280221826150084e-03
1.157540047085526865e+06 8.540886242015063509e-03
1.161217798862962751e+06 8.588642698360038699e-03
1.164907235642721644e+06 8.636549397825554059e-03
1.168608394550544908e+06 8.684606144582714821e-03
1.172321312830140349e+06 8.732812740032108029e-03
1.176046027843536576e+06 8.781168982826492719e-03
1.179782577071479755e+06 8.829674668894092054e-03
1.183530998113790294e+06 8.878329591461807391e-03
1.187291328689760994e+06 8.927133541079079401e-03
1.191063606638517231e+06 8.976086305641541030e-03
1.194847869919416960e+06 9.025187670415300151e-03
1.198644156612413703e+06 9.074437418061196206e-03
1.202452504918458406e+06 9.123835328659537364e-03
1.206272953159865458e+06 9.173381179734745733e-03
1.210105539780716645e+06 9.223074746280712083e-03
1.213950303347229026e+06 9.272915800785826168e-03
1.217807282548162853e+06 9.322904113258780739e-03
1.221676516195190838e+06 9.373039451254165655e-03
1.225558043223308865e+06 9.423321579898613631e-03
1.229451902691207128e+06 9.473750261916892221e-03
1.233358133781683864e+06 9.524325257658590796e-03
1.237276775802019285e+06 9.575046325124538654e-03
1.241207868184391642e+06 9.625913219993993339e-03
1.245151450486253249e+06 9.676925695651504566e-03
1.249107562390749110e+06 9.728083503214477248e-03
1.253076243707095506e+06 9.779386391560594000e-03
1.257057534371001879e+06 9.830834107355721635e-03
1.261051474445051514e+06 9.882426395081704909e-03
1.265058104119125055e+06 9.934162997064814246e-03
1.269077463710784912e+06 9.986043653503912446e-03
1.273109593665701570e+06 1.003806810249928579e-02
1.277154534558039159e+06 1.009023608008120451e-02
1.281212327090885257e+06 1.014254732023922578e-02
1.285283012096639723e+06 1.019500155495115488e-02
1.289366630537445424e+06 1.024759851421264134e-02
1.293463223505580565e+06 1.030033792606661718e-02
1.297572832223893143e+06 1.035321951663331283e-02
1.301695498046193970e+06 1.040624301013998859e-02
1.305831262457694160e+06 1.045940812895136685e-02
1.309980167075402103e+06 1.051271459359976942e-02
1.314142253648562822e+06 1.056616212281585171e-02
1.318317564059056574e+06 1.061975043355917366e-02
1.322506140321842162e+06 1.067347924104928604e-02
1.326708024585358333e+06 1.072734825879661028e-02
1.330923259131968953e+06 1.078135719863393058e-02
1.335151886378367664e+06 1.083550577074758256e-02
1.339393948876024922e+06 1.088979368370932010e-02
1.343649489311596146e+06 1.094422064450781447e-02
1.347918550507372245e+06 1.099878635858089412e-02
1.352201175421688473e+06 1.105349052984735091e-02
1.356497407149378909e+06 1.110833286073950772e-02
1.360807288922188338e+06 1.116331305223533001e-02
1.365130864109228598e+06 1.121843080389133170e-02
1.369468176217393950e+06 1.127368581387503017e-02
1.373819268891819986e+06 1.132907777899811591e-02
1.378184185916301096e+06 1.138460639474916242e-02
1.382562971213754034e+06 1.144027135532723997e-02
1.386955668846635614e+06 1.149607235367480253e-02
1.391362323017410934e+06 1.155200908151157897e-02
1.395782978068973403e+06 1.160808122936787638e-02
1.400217678485115292e+06 1.166428848661863263e-02
1.404666468890951946e+06 1.172063054151702144e-02
1.409129394053393276e+06 1.177710708122877738e-02
1.413606498881572159e+06 1.183371779186611489e-02
1.418097828427318484e+06 1.189046235852227185e-02
1.422603427885590354e+06 1.194734046530569402e-02
1.427123342594950926e+06 1.200435179537482147e-02
1.431657618038002634e+06 1.206149603097255926e-02
1.436206299841867061e+06 1.211877285346130324e-02
1.440769433778621024e+06 1.217618194335758249e-02
1.445347065765781561e+06 1.223372298036745805e-02
1.449939241866742959e+06 1.229139564342123306e-02
1.454546008291264530e+06 1.234919961070916894e-02
1.459167411395912524e+06 1.240713455971649733e-02
1.463803497684549307e+06 1.246520016725917272e-02
1.468454313808778301e+06 1.252339610951925045e-02
1.473119906568436883e+06 1.258172206208076072e-02
1.477800322912043426e+06 1.264017769996529476e-02
1.482495609937293921e+06 1.269876269766818770e-02
1.487205814891511574e+06 1.275747672919418964e-02
1.491930985172143904e+06 1.281631946809380120e-02
1.496671168327229796e+06 1.287529058749938178e-02
1.501426412055872148e+06 1.293438976016129602e-02
1.506196764208724722e+06 1.299361665848437937e-02
1.510982272788478993e+06 1.305297095456445754e-02
1.515782985950340517e+06 1.311245232022474963e-02
1.520598952002509031e+06 1.317206042705248471e-02
1.525430219406669261e+06 1.323179494643558773e-02
1.530276836778484983e+06 1.329165554959957189e-02
1.535138852888083085e+06 1.335164190764424538e-02
1.540016316660536453e+06 1.341175369158063846e-02
1.544909277176363859e+06 1.347199057236799294e-02
1.549817783672029385e+06 1.353235222095088182e-02
1.554741885540432530e+06 1.359283830829632021e-02
1.559681632331394125e+06 1.365344850543077394e-02
1.564637073752178578e+06 1.371418248347771630e-02
1.569608259667968377e+06 1.377503991369459328e-02
1.574595240102390526e+06 1.383602046751051910e-02
1.579598065237995237e+06 1.389712381656338369e-02
1.584616785416786326e+06 1.395834963273761761e-02
1.589651451140702004e+06 1.401969758820148342e-02
1.594702113072148757e+06 1.408116735544483536e-02
1.599768822034485405e+06 1.414275860731657036e-02
1.604851629012560239e+06 1.420447101706252824e-02
1.609950585153198801e+06 1.426630425836294090e-02
1.615065741765743587e+06 1.432825800537042282e-02
1.620197150322544854e+06 1.439033193274757115e-02
1.625344862459504511e+06 1.445252571570504983e-02
1.630508929976569721e+06 1.451483903003912730e-02
1.635689404838280752e+06 1.457727155216995835e-02
1.640886339174266206e+06 1.463982295917918945e-02
1.646099785279795295e+06 1.470249292884817476e-02
1.651329795616277726e+06 1.476528113969577914e-02
1.656576422811816679e+06 1.482818727101664798e-02
1.661839719661713345e+06 1.489121100291888530e-02
1.667119739129024092e+06 1.495435201636259592e-02
1.672416534345066408e+06 1.501760999319749941e-02
1.677730158609981649e+06 1.508098461620150169e-02
1.683060665393242380e+06 1.514447556911837495e-02
1.688408108334220015e+06 1.520808253669631363e-02
1.693772541242694948e+06 1.527180520472574618e-02
1.699154018099426990e+06 1.533564326007785458e-02
1.704552593056670623e+06 1.539959639074238266e-02
1.709968320438747061e+06 1.546366428586615736e-02
1.715401254742563702e+06 1.552784663579100978e-02
1.720851450638190610e+06 1.559214313209229992e-02
1.726318962969381595e+06 1.565655346761671979e-02
1.731803846754155587e+06 1.572107733652093955e-02
1.737306157185320975e+06 1.578571443430938637e-02
1.742825949631059542e+06 1.585046445787283848e-02
1.748363279635455925e+06 1.591532710552633414e-02
1.753918202919083647e+06 1.598030207704758884e-02
1.759490775379538769e+06 1.604538907371497874e-02
1.765081053092029877e+06 1.611058779834599261e-02
1.770689092309914529e+06 1.617589795533507305e-02
1.776314949465292972e+06 1.624131925069219676e-02
1.781958681169548305e+06 1.630685139208055620e-02
1.787620344213944627e+06 1.637249408885517801e-02
1.793299995570168830e+06 1.643824705210062201e-02
1.798997692390934564e+06 1.650410999466946430e-02
1.804713492010526359e+06 1.657008263122004138e-02
1.810447451945407083e+06 1.663616467825486736e-02
1.816199629894766957e+06 1.670235585415832252e-02
1.821970083741133567e+06 1.676865587923508094e-02
1.827758871550924843e+06 1.683506447574770887e-02
1.833566051575063029e+06 1.690158136795500560e-02
1.839391682249530684e+06 1.696820628214965390e-02
1.845235822195989313e+06 1.703493894669648109e-02
1.851098530222339090e+06 1.710177909206995334e-02
1.856979865323340055e+06 1.716872645089248528e-02
1.862879886681176489e+06 1.723578075797183376e-02
1.868798653666081838e+06 1.730294175033939008e-02
1.874736225836906582e+06 1.737020916728741413e-02
1.880692662941747345e+06 1.743758275040730929e-02
1.886668024918518262e+06 1.750506224362686700e-02
1.892662371895584278e+06 1.757264739324830224e-02
1.898675764192335308e+06 1.764033794798556057e-02
1.904708262319824426e+06 1.770813365900227726e-02
1.910759926981345983e+06 1.777603427994887270e-02
1.916830819073077058e+06 1.784403956700055319e-02
1.922920999684658833e+06 1.791214927889433345e-02
1.929030530099843629e+06 1.798036317696682235e-02
1.935159471797079314e+06 1.804868102519132170e-02
1.941307886450159829e+06 1.811710259021541772e-02
1.947475835928813787e+06 1.818562764139801738e-02
1.953663382299359422e+06 1.825425595084685312e-02
1.959870587825296447e+06 1.832298729345543942e-02
1.966097514967965661e+06 1.839182144694045604e-02
1.972344226387144066e+06 1.846075819187855543e-02
1.978610784941709135e+06 1.852979731174381195e-02
1.984897253690237412e+06 1.859893859294432100e-02
1.991203695891672513e+06 1.866818182485944361e-02
1.997530175005929312e+06 1.873752679987649231e-02
2.003876754694564268e+06 1.880697331342784731e-02
2.010243498821383808e+06 1.887652116402735794e-02
2.016630471453120233e+06 1.894617015330752122e-02
2.023037736860042205e+06 1.901592008605577921e-02
2.029465359516636003e+06 1.908577077025148949e-02
2.035913404102220200e+06 1.915572201710216693e-02
2.042381935501630185e+06 1.922577364108035355e-02
2.048871018805837492e+06 1.929592545995967648e-02
2.055380719312638277e+06 1.936617729485174549e-02
2.061911102527276846e+06 1.943652897024196816e-02
2.068462234163139015e+06 1.950698031402635715e-02
2.075034180142378435e+06 1.957753115754724479e-02
2.081627006596610649e+06 1.964818133562995506e-02
2.088240779867565492e+06 1.971893068661862217e-02
2.094875566507746000e+06 1.978977905241222773e-02
2.101531433281106409e+06 1.986072627850071076e-02
2.108208447163733654e+06 1.993177221400093888e-02
2.114906675344510935e+06 2.000291671169249566e-02
2.121626185225787107e+06 2.007415962805348536e-02
2.128367044424062595e+06 2.014550082329628899e-02
2.135129320770678110e+06 2.021694016140333783e-02
2.141913082312488928e+06 2.028847751016277234e-02
2.148718397312541492e+06 2.036011274120379591e-02
2.155545334250768647e+06 2.043184573003235457e-02
2.162393961824686732e+06 2.050367635606665725e-02
2.169264348950079177e+06 2.057560450267241145e-02
2.176156564761680085e+06 2.064763005719821160e-02
2.183070678613880649e+06 2.071975291101069497e-02
2.190006760081433691e+06 2.079197295953001678e-02
2.196964878960146103e+06 2.086429010226476671e-02
2.203945105267571285e+06 2.093670424284710396e-02
2.210947509243725333e+06 2.100921528906768074e-02
2.217972161351798568e+06 2.108182315291090222e-02
2.225019132278859150e+06 2.115452775058952045e-02
2.232088492936553899e+06 2.122732900257958202e-02
2.239180314461831003e+06 2.130022683365516770e-02
2.246294668217665050e+06 2.137322117292323256e-02
2.253431625793766230e+06 2.144631195385819991e-02
2.260591259007290937e+06 2.151949911433641283e-02
2.267773639903574251e+06 2.159278259667086336e-02
2.274978840756863821e+06 2.166616234764566148e-02
2.282206934071037918e+06 2.173963831855037568e-02
2.289457992580321617e+06 2.181321046521437004e-02
2.296732089250050485e+06 2.188687874804129060e-02
2.304029297277367208e+06 2.196064313204303467e-02
2.311349690091997385e+06 2.203450358687424754e-02
2.318693341356948949e+06 2.210846008686614614e-02
2.326060324969291687e+06 2.218251261106100880e-02
2.333450715060864110e+06 2.225666114324565542e-02
2.340864585999054834e+06 2.233090567198598581e-02
2.348302012387515977e+06 2.240524619066037657e-02
2.355763069066950120e+06 2.247968269749404946e-02
2.363247831115825102e+06 2.255421519559237115e-02
2.370756373851168901e+06 2.262884369297511397e-02
2.378288772829287220e+06 2.270356820260963429e-02
2.385845103846565820e+06 2.277838874244510203e-02
2.393425442940190434e+06 2.285330533544554371e-02
2.401029866388952825e+06 2.292831800962388464e-02
2.408658450713980943e+06 2.300342679807505786e-02
2.416311272679543588e+06 2.307863173900980003e-02
2.423988409293788951e+06 2.315393287578774995e-02
2.431689937809554394e+06 2.322933025695116810e-02
2.439415935725107323e+06 2.330482393625785478e-02
2.447166480784963351e+06 2.338041397271485577e-02
2.454941650980628561e+06 2.345610043061130759e-02
2.462741524551425129e+06 2.353188337955203560e-02
2.470566179985238239e+06 2.360776289449022930e-02
2.478415696019345894e+06 2.368373905576106470e-02
2.486290151641170960e+06 2.375981194911428937e-02
2.494189626089116093e+06 2.383598166574777549e-02
2.502114198853321839e+06 2.391224830234002161e-02
2.510063949676505290e+06 2.398861196108352870e-02
2.518038958554723766e+06 2.406507274971736443e-02
2.526039305738218594e+06 2.414163078156048720e-02
2.534065071732183453e+06 2.421828617554418542e-02
2.542116337297614664e+06 2.429503905624527324e-02
2.550193183452082332e+06 2.437188955391856107e-02
2.558295691470587626e+06 2.444883780453003391e-02
2.566423942886339501e+06 2.452588394978921088e-02
2.574578019491615705e+06 2.460302813718219864e-02
2.582758003338544164e+06 2.468027052000406132e-02
2.590963976739971898e+06 2.475761125739200583e-02
2.599196022270249203e+06 2.483505051435741517e-02
2.607454222766105086e+06 2.491258846181908931e-02
2.615738661327436566e+06 2.499022527663537219e-02
2.624049421318187844e+06 2.506796114163719821e-02
2.632386586367147509e+06 2.514579624566028529e-02
2.640750240368831437e+06 2.522373078357814657e-02
2.649140467484285124e+06 2.530176495633420369e-02
2.657557352141973097e+06 2.537989897097476383e-02
2.666000979038585909e+06 2.545813304068119190e-02
2.674471433139934670e+06 2.553646738480290154e-02
2.682968799681764096e+06 2.561490222888942667e-02
2.691493164170651231e+06 2.569343780472332917e-02
2.700044612384825945e+06 2.577207435035246130e-02
2.708623230375074316e+06 2.585081211012281097e-02
2.717229104465562385e+06 2.592965133471067732e-02
2.725862321254749317e+06 2.600859228115555422e-02
2.734522967616213486e+06 2.608763521289245157e-02
2.743211130699570756e+06 2.616678039978460879e-02
2.751926897931308486e+06 2.624602811815592018e-02
2.760670357015708461e+06 2.632537865082365536e-02
2.769441595935685560e+06 2.640483228713089853e-02
2.778240702953718137e+06 2.648438932297942153e-02
2.787067766612689476e+06 2.656405006086192885e-02
2.795922875736826099e+06 2.664381480989510761e-02
2.804806119432544801e+06 2.672368388585197665e-02
2.813717587089396082e+06 2.680365761119484283e-02
2.822657368380916305e+06 2.688373631510776116e-02
2.831625553265577182e+06 2.696392033352959169e-02
2.840622231987644453e+06 2.704421000918636256e-02
2.849647495078132488e+06 2.712460569162465987e-02
2.858701433355669025e+06 2.720510773724381728e-02
2.867784137927454896e+06 2.728571650932943432e-02
2.876895700190134812e+06 2.736643237808569426e-02
2.886036211830763146e+06 2.744725572066897615e-02
2.895205764827680308e+06 2.752818692122022473e-02
2.904404451451485511e+06 2.760922637089854512e-02
2.913632364265916869e+06 2.769037446791388149e-02
2.922889596128832083e+06 2.777163161756060136e-02
2.932176240193093196e+06 2.785299823225025756e-02
2.941492389907553792e+06 2.793447473154529737e-02
2.950838139017948881e+06 2.801606154219198758e-02
2.960213581567889545e+06 2.809775909815419651e-02
2.969618811899757944e+06 2.817956784064643352e-02
2.979053924655700568e+06 2.826148821816775944e-02
2.988519014778562821e+06 2.834352068653521114e-02
2.998014177512831055e+06 2.842566570891733382e-02
3.007539508405603934e+06 2.850792375586810867e-02
3.017095103307566140e+06 2.859029530536073491e-02
3.026681058373939246e+06 2.867278084282151931e-02
3.036297470065440051e+06 2.875538086116375888e-02
3.045944435149259400e+06 2.883809586082184198e-02
3.055622050700053107e+06 2.892092634978557855e-02
3.065330414100901224e+06 2.900387284363426313e-02
3.075069623044280801e+06 2.908693586557098421e-02
3.084839775533056352e+06 2.917011594645705155e-02
3.094640969881482422e+06 2.925341362484680172e-02
3.104473304716178216e+06 2.933682944702198717e-02
3.114336878977109212e+06 2.942036396702650894e-02
3.124231791918592528e+06 2.950401774670131233e-02
3.134158143110312056e+06 2.958779135571937627e-02
3.144116032438303810e+06 2.967168537162100106e-02
3.154105560105952434e+06 2.975570037984848204e-02
3.164126826635008212e+06 2.983983697378186917e-02
3.174179932866614312e+06 2.992409575477431721e-02
3.184264979962307960e+06 3.000847733218765800e-02
3.194382069405024871e+06 3.009298232342792409e-02
3.204531303000133019e+06 3.017761135398134079e-02
3.214712782876471523e+06 3.026236505745034944e-02
3.224926611487365328e+06 3.034724407558972784e-02
3.235172891611640807e+06 3.043224905834257185e-02
3.245451726354675833e+06 3.051738066387696749e-02
3.255763219149447978e+06 3.060263955862251722e-02
3.266107473757565487e+06 3.068802641730703287e-02
3.276484594270287547e+06 3.077354192299322153e-02
3.286894685109620914e+06 3.085918676711603414e-02
3.297337851029316429e+06 3.094496164951951109e-02
3.307814197115976829e+06 3.103086727849450541e-02
3.318323828790060710e+06 3.111690437081579205e-02
3.328866851806997322e+06 3.120307365178020750e-02
3.339443372258194722e+06 3.128937585524418225e-02
3.350053496572165750e+06 3.137581172366196713e-02
3.360697331515539438e+06 3.146238200812389446e-02
3.371374984194194432e+06 3.154908746839481248e-02
3.382086562054279260e+06 3.163592887295258588e-02
3.392832172883349471e+06 3.172290699902712008e-02
3.403611924811397679e+06 3.181002263263919133e-02
3.414425926311995834e+06 3.189727656863999838e-02
3.425274286203330848e+06 3.198466961075013826e-02
3.436157113649358042e+06 3.207220257159975468e-02
3.447074518160840031e+06 3.215987627276801347e-02
3.458026609596507624e+06 3.224769154482344524e-02
3.469013498164108489e+06 3.233564922736414937e-02
3.480035294421570841e+06 3.242375016905839347e-02
3.491092109278061893e+06 3.251199522768528222e-02
3.502184053995158523e+06 3.260038527017596055e-02
3.513311240187910851e+06 3.268892117265465025e-02
3.524473779826023150e+06 3.277760382048038740e-02
3.535671785234922543e+06 3.286643410828840595e-02
3.546905369096945971e+06 3.295541294003271476e-02
3.558174644452418201e+06 3.304454122902761998e-02
3.569479724700845778e+06 3.313381989799094041e-02
3.580820723602000624e+06 3.322324987908626542e-02
3.592197755277122837e+06 3.331283211396639243e-02
3.603610934210011736e+06 3.340256755381631332e-02
3.615060375248233788e+06 3.349245715939714457e-02
3.626546193604222499e+06 3.358250190108976602e-02
3.638068504856495187e+06 3.367270275893916032e-02
3.649627424950756598e+06 3.376306072269869701e-02
3.661223070201126393e+06 3.385357679187523533e-02
3.672855557291247882e+06 3.394425197577376901e-02
3.684525003275524825e+06 3.403508729354314671e-02
3.696231525580236223e+06 3.412608377422150091e-02
3.707975242004780099e+06 3.421724245678247484e-02
3.719756270722799003e+06 3.430856439018135223e-02
3.731574730283426587e+06 3.440005063340186714e-02
3.743430739612424746e+06 3.449170225550293734e-02
3.755324418013435788e+06 3.458352033566633454e-02
3.767255885169125628e+06 3.467550596324393830e-02
3.779225261142449453e+06 3.476766023780605147e-02
3.791232666377794929e+06 3.485998426918943821e-02
3.803278221702260431e+06 3.495247917754643746e-02
3.815362048326804768e+06 3.504514609339346581e-02
3.827484267847532406e+06 3.513798615766099143e-02
3.839645002246852964e+06 3.523100052174289037e-02
3.851844373894771095e+06 3.532419034754691323e-02
3.864082505550056230e+06 3.541755680754490182e-02
3.876359520361539908e+06 3.551110108482419953e-02
3.888675541869292501e+06 3.560482437313843007e-02
3.901030694005928002e+06 3.569872787695958088e-02
3.913425101097790990e+06 3.579281281152985744e-02
3.925858887866267469e+06 3.588708040291462703e-02
3.938332179428978823e+06 3.598153188805470332e-02
3.950845101301103830e+06 3.607616851482037951e-02
3.963397779396577273e+06 3.617099154206457334e-02
3.975990340029422194e+06 3.626600223967763742e-02
3.988622909914955031e+06 3.636120188864139929e-02
4.001295616171127185e+06 3.645659178108474202e-02
4.014008586319737602e+06 3.655217322033870592e-02
4.026761948287782725e+06 3.664794752099282543e-02
4.039555830408676527e+06 3.674391600895122317e-02
4.052390361423609778e+06 3.684008002148982108e-02
4.065265670482777525e+06 3.693644090731326018e-02
4.078181887146745808e+06 3.703300002661333301e-02
4.091139141387688927e+06 3.712975875112670132e-02
4.104137563590764534e+06 3.722671846419416120e-02
4.117177284555357415e+06 3.732388056081948485e-02
4.130258435496464372e+06 3.742124644772968495e-02
4.143381148045945447e+06 3.751881754343488334e-02
4.156545554253918584e+06 3.761659527828952604e-02
4.169751786590017378e+06 3.771458109455321644e-02
4.182999977944795042e+06 3.781277644645310299e-02
4.196290261630992405e+06 3.791118280024573933e-02
4.209622771384946071e+06 3.800980163428045733e-02
4.222997641367869452e+06 3.810863443906237907e-02
4.236415006167266518e+06 3.820768271731692090e-02
4.249875000798222609e+06 3.830694798405374218e-02
4.263377760704818182e+06 3.840643176663250530e-02
4.276923421761470847e+06 3.850613560482819830e-02
4.290512120274282061e+06 3.860606105089733897e-02
4.304143992982425727e+06 3.870620966964499060e-02
4.317819177059544250e+06 3.880658303849233992e-02
4.331537810115109198e+06 3.890718274754446232e-02
4.345300030195789412e+06 3.900801039965900302e-02
4.359105975786857307e+06 3.910906761051551050e-02
4.372955785813599825e+06 3.921035600868535281e-02
4.386849599642700516e+06 3.931187723570223752e-02
4.400787557083621621e+06 3.941363294613309948e-02
4.414769798390029930e+06 3.951562480764993224e-02
4.428796464261228219e+06 3.961785450110250767e-02
4.442867695843546651e+06 3.972032372059124822e-02
4.456983634731753729e+06 3.982303417354070285e-02
4.471144422970491461e+06 3.992598758077422344e-02
4.485350203055729158e+06 4.002918567658915461e-02
4.499601117936173454e+06 4.013263020883235666e-02
4.513897311014692299e+06 4.023632293897667217e-02
4.528238926149776205e+06 4.034026564219808653e-02
4.542626107657001354e+06 4.044446010745382514e-02
4.557059000310466625e+06 4.054890813756063805e-02
4.571537749344230630e+06 4.065361154927415316e-02
4.586062500453790650e+06 4.075857217336892324e-02
4.600633399797569029e+06 4.086379185471937514e-02
4.615250593998364173e+06 4.096927245238111970e-02
4.629914230144809000e+06 4.107501583967321929e-02
4.644624455792865716e+06 4.118102390426135045e-02
4.659381418967334554e+06 4.128729854824147311e-02
4.674185268163321540e+06 4.139384168822470705e-02
4.689036152347704396e+06 4.150065525542227796e-02
4.703934220960698090e+06 4.160774119573218410e-02
4.718879623917285353e+06 4.171510146982569667e-02
4.733872511608795263e+06 4.182273805323560162e-02
4.748913034904346801e+06 4.193065293644451796e-02
4.764001345152440481e+06 4.203884812497463153e-02
4.779137594182402827e+06 4.214732563947765770e-02
4.794321934305995703e+06 4.225608751582642791e-02
4.809554518318867311e+06 4.236513580520651079e-02
4.824835499502169900e+06 4.247447257420945699e-02
4.840165031624023803e+06 4.258409990492613428e-02
4.855543268941141665e+06 4.269401989504207490e-02
4.870970366200304590e+06 4.280423465793217058e-02
4.886446478639996611e+06 4.291474632275790041e-02
4.901971761991887353e+06 4.302555703456424629e-02
4.917546372482478619e+06 4.313666895437835019e-02
4.933170466834597290e+06 4.324808425930836558e-02
4.948844202269054018e+06 4.335980514264409225e-02
4.964567736506140791e+06 4.347183381395783308e-02
4.980341227767301723e+06 4.358417249920672198e-02
4.996164834776645526e+06 4.369682344083557213e-02
5.012038716762619093e+06 4.380978889788140346e-02
5.027963033459533006e+06 4.392307114607799795e-02
5.043937945109249093e+06 4.403667247796247408e-02
5.059963612462709658e+06 4.415059520298215967e-02
5.076040196781638078e+06 4.426484164760292189e-02
5.092167859840081073e+06 4.437941415541794832e-02
5.108346763926115818e+06 4.449431508725879003e-02
5.124577071843401529e+06 4.460954682130580801e-02
5.140858946912903339e+06 4.472511175320123544e-02
5.157192552974446677e+06 4.484101229616214990e-02
5.173578054388456978e+06 4.495725088109554790e-02
5.190015616037521511e+06 4.507382995671353060e-02
5.206505403328141198e+06 4.519075198965059881e-02
5.223047582192303613e+06 4.530801946458107993e-02
5.239642319089240395e+06 4.542563488433883079e-02
5.256289781007017940e+06 4.554360077003678786e-02
5.272990135464301333e+06 4.566191966118898771e-02
5.289743550511955284e+06 4.578059411583267069e-02
5.306550194734822959e+06 4.589962671065263983e-02
5.323410237253331579e+06 4.601902004110543926e-02
5.340323847725285217e+06 4.613877672154649556e-02
5.357291196347482502e+06 4.625889938535671791e-02
5.374312453857517801e+06 4.637939068507188761e-02
5.391387791535411030e+06 4.650025329251184641e-02
5.408517381205420010e+06 4.662148989891261308e-02
5.425701395237680525e+06 4.674310321505787541e-02
5.442940006550027989e+06 4.686509597141376438e-02
5.460233388609653339e+06 4.698747091826300376e-02
5.477581715434930287e+06 4.711023082584221700e-02
5.494985161597085185e+06 4.723337848447888010e-02
5.512443902222036384e+06 4.735691670473111264e-02
5.529958112992071547e+06 4.748084831752746870e-02
5.547527970147702843e+06 4.760517617430960052e-02
5.565153650489350781e+06 4.772990314717454746e-02
5.582835331379214302e+06 4.785503212902036951e-02
5.600573190742963925e+06 4.798056603369121181e-02
5.618367407071624883e+06 4.810650779612577616e-02
5.636218159423278645e+06 4.823286037250543862e-02
5.654125627424960025e+06 4.835962674040538561e-02
5.672089991274369881e+06 4.848680989894570137e-02
5.690111431741783395e+06 4.861441286894577218e-02
5.708190130171773955e+06 4.874243869307821192e-02
5.726326268485131674e+06 4.887089043602607652e-02
5.744520029180603102e+06 4.899977118464016873e-02
5.762771595336817205e+06 4.912908404809920165e-02
5.781081150614036247e+06 4.925883215807038557e-02
5.799448879256096669e+06 4.938901866887252662e-02
5.817874966092172079e+06 4.951964675764005536e-02
5.836359596538722515e+06 4.965071962448925486e-02
5.854902956601269543e+06 4.978224049268528684e-02
5.873505232876350172e+06 4.991421260881214600e-02
5.892166612553357147e+06 5.004663924294320415e-02
5.910887283416400664e+06 5.017952368881362091e-02
5.929667433846221305e+06 5.031286926399480830e-02
5.948507252822108567e+06 5.044667931007073419e-02
5.967406929923780262e+06 5.058095719281552327e-02
5.986366655333265662e+06 5.071570630237264704e-02
6.005386619836841710e+06 5.085093005343674366e-02
6.024467014826979488e+06 5.098663188543651331e-02
6.043608032304244116e+06 5.112281526271997278e-02
6.062809864879203960e+06 5.125948367474051498e-02
6.082072705774390139e+06 5.139664063624625745e-02
6.101396748826269992e+06 5.153428968747031380e-02
6.120782188487169333e+06 5.167243439432326474e-02
6.140229219827206805e+06 5.181107834858719036e-02
6.159738038536279462e+06 5.195022516811210328e-02
6.179308840926058590e+06 5.208987849701447043e-02
6.198941823931938037e+06 5.223004200587706009e-02
6.218637185114994645e+06 5.237071939195092618e-02
6.238395122663997114e+06 5.251191437936003625e-02
6.258215835397428833e+06 5.265363071930730110e-02
6.278099522765459493e+06 5.279587219028300527e-02
6.298046384851933457e+06 5.293864259827486818e-02
6.318056622376399115e+06 5.308194577698060329e-02
6.338130436696162447e+06 5.322578558802287113e-02
6.358268029808283783e+06 5.337016592116565483e-02
6.378469604351585731e+06 5.351509069453318918e-02
6.398735363608717918e+06 5.366056385483092966e-02
6.419065511508227326e+06 5.380658937756927634e-02
6.439460252626585774e+06 5.395317126728891438e-02
6.459919792190222070e+06 5.410031355778838202e-02
6.480444336077613756e+06 5.424802031235415045e-02
6.501034090821384452e+06 5.439629562399353468e-02
6.521689263610355556e+06 5.454514361566896452e-02
6.542410062291604467e+06 5.469456844053486450e-02
6.563196695372584276e+06 5.484457428217750369e-02
6.584049372023247182e+06 5.499516535485675373e-02
6.604968302078122273e+06 5.514634590375033785e-02
6.625953696038402617e+06 5.529812020520036980e-02
6.647005765074086376e+06 5.545049256696266138e-02
6.668124721026130952e+06 5.560346732845867362e-02
6.689310776408560574e+06 5.575704886102961222e-02
6.710564144410570152e+06 5.591124156819295143e-02
6.731885038898707367e+06 5.606604988590213612e-02
6.753273674419041723e+06 5.622147828280862902e-02
6.774730266199305654e+06 5.637753126052644226e-02
6.796255030151025392e+06 5.653421335389925001e-02
6.817848182871726342e+06 5.669152913127057519e-02
6.839509941647137515e+06 5.684948319475671696e-02
6.861240524453349411e+06 5.700808018052204440e-02
6.883040149958984926e+06 5.716732475905697552e-02
6.904909037527418695e+06 5.732722163545935640e-02
6.926847407219023444e+06 5.748777554971859494e-02
6.948855479793345556e+06 5.764899127700213316e-02
6.970933476711307652e+06 5.781087362794488232e-02
6.993081620137456805e+06 5.797342744894238425e-02
7.015300132942236029e+06 5.813665762244615148e-02
7.037589238704193383e+06 5.830056906726228255e-02
7.059949161712191999e+06 5.846516673885276960e-02
7.082380126967766322e+06 5.863045562964078194e-02
7.104882360187267885e+06 5.879644076931771213e-02
7.127456087804259732e+06 5.896312722515469062e-02
7.150101536971670575e+06 5.913052010231591160e-02
7.172818935564203188e+06 5.929862454417678813e-02
7.195608512180508114e+06 5.946744573264325928e-02
7.218470496145600453e+06 5.963698888847667606e-02
7.241405117513051257e+06 5.980725927161979066e-02
7.264412607067420147e+06 5.997826218152788741e-02
7.287493196326458827e+06 6.015000295750164150e-02
7.310647117543560453e+06 6.032248697902525131e-02
7.333874603709977120e+06 6.049571966610586132e-02
7.357175888557282276e+06 6.066970647961854313e-02
7.380551206559606828e+06 6.084445292165298336e-02
7.404000792936113663e+06 6.101996453586534808e-02
7.427524883653249592e+06 6.119624690783213861e-02
7.451123715427234769e+06 6.137330566540920296e-02
7.474797525726328604e+06 6.155114647909298853e-02
7.498546552773337811e+06 6.172977506238687406e-02
7.522371035547893494e+06 6.190919717216987472e-02
7.546271213788976893e+06 6.208941860907062071e-02
7.570247327997209504e+06 6.227044521784326492e-02
7.594299619437395595e+06 6.245228288774978820e-02
7.618428330140830018e+06 6.263493755294322063e-02
7.642633702907851897e+06 6.281841519285764897e-02
7.666915981310167350e+06 6.300272183260018088e-02
7.691275409693425521e+06 6.318786354334812727e-02
7.715712233179549687e+06 6.337384644274930701e-02
7.740226697669330984e+06 6.356067669532788900e-02
7.764819049844776280e+06 6.374836051289256567e-02
7.789489537171719596e+06 6.393690415495070778e-02
7.814238407902180217e+06 6.412631392912525319e-02
7.839065911076992750e+06 6.431659619157747976e-02
7.863972296528181992e+06 6.450775734743237344e-02
7.888957814881608821e+06 6.469980385121010258e-02
7.914022717559359036e+06 6.489274220726053144e-02
7.939167256782406010e+06 6.508657897020350691e-02
7.964391685573019087e+06 6.528132074537219831e-02
7.989696257757437415e+06 6.547697418926283486e-02
8.015081227968294173e+06 6.567354600998724645e-02
8.040546851647311822e+06 6.587104296773185763e-02
8.066093385047738440e+06 6.606947187521974851e-02
8.091721085237060674e+06 6.626883959817914116e-02
8.117430210099456832e+06 6.646915305581510558e-02
8.143221018338523805e+06 6.667041922128799647e-02
8.169093769479750656e+06 6.687264512219490142e-02
8.195048723873258568e+06 6.707583784105809743e-02
8.221086142696290277e+06 6.728000451581647723e-02
8.247206287955973297e+06 6.748515234032438637e-02
8.273409422491817735e+06 6.769128856485329138e-02
8.299695809978500940e+06 6.789842049660112233e-02
8.326065714928381145e+06 6.810655550020444648e-02
8.352519402694297954e+06 6.831570099825842735e-02
8.379057139472104609e+06 6.852586447183992013e-02
8.405679192303469405e+06 6.873705346103797797e-02
8.432385829078502953e+06 6.894927556548892389e-02
8.459177318538432941e+06 6.916253844491673797e-02
8.486053930278329179e+06 6.937684981967989772e-02
8.513015934749862179e+06 6.959221747132383895e-02
8.540063603263979778e+06 6.980864924313891218e-02
8.567197207993613556e+06 7.002615304072389024e-02
8.594417021976441145e+06 7.024473683255588741e-02
8.621723319117678329e+06 7.046440865056692593e-02
8.649116374192792922e+06 7.068517659072524884e-02
8.676596462850240991e+06 7.090704881362300260e-02
8.704163861614271998e+06 7.113003354507103915e-02
8.731818847887743264e+06 7.135413907669961586e-02
8.759561699954887852e+06 7.157937376656475781e-02
8.787392696984061971e+06 7.180574603976143389e-02
8.815312119030607864e+06 7.203326438904358864e-02
8.843320247039696202e+06 7.226193737545061335e-02
8.871417362849118188e+06 7.249177362894024257e-02
8.899603749192088842e+06 7.272278184902761233e-02
8.927879689700130373e+06 7.295497080543222879e-02
8.956245468905955553e+06 7.318834933873145931e-02
8.984701372246298939e+06 7.342292636102043524e-02
9.013247686064751819e+06 7.365871085657935136e-02
9.041884697614680976e+06 7.389571188254746847e-02
9.070612695062154904e+06 7.413393856960565076e-02
9.099431967488808557e+06 7.437340012266456524e-02
9.128342804894709960e+06 7.461410582156047244e-02
9.157345498201325536e+06 7.485606502175913557e-02
9.186440339254470542e+06 7.509928715506744568e-02
9.215627620827224106e+06 7.534378173035161108e-02
9.244907636622825637e+06 7.558955833426334037e-02
9.274280681277675554e+06 7.583662663197414389e-02
9.303747050364332274e+06 7.608499636791794807e-02
9.333307040394451469e+06 7.633467736654064861e-02
9.362960948821734637e+06 7.658567953305779608e-02
9.392709074044954032e+06 7.683801285422124649e-02
9.422551715410998091e+06 7.709168739909375012e-02
9.452489173217842355e+06 7.734671331983136722e-02
9.482521748717539012e+06 7.760310085247458523e-02
9.512649744119275361e+06 7.786086031774809568e-02
9.542873462592467666e+06 7.812000212186957782e-02
9.573193208269763738e+06 7.838053675736643411e-02
9.603609286250064149e+06 7.864247480390115785e-02
9.634122002601634711e+06 7.890582692910688700e-02
9.664731664365228266e+06 7.917060388943113203e-02
9.695438579557128251e+06 7.943681653098880191e-02
9.726243057172212750e+06 7.970447579042376496e-02
9.757145407187100500e+06 7.997359269578117880e-02
9.788145940563317388e+06 8.024417836738848009e-02
9.819244969250375405e+06 8.051624401874586667e-02
9.850442806188879535e+06 8.078980095742631373e-02
9.881739765313711017e+06 8.106486058598581790e-02
9.913136161557231098e+06 8.134143440288395255e-02
9.944632310852410272e+06 8.161953400341363796e-02
9.976228530135961249e+06 8.189917108064069529e-02
1.000792513735157624e+07 8.218035742635491914e-02
1.003972245145315863e+07 8.246310493203116987e-02
1.007162079240800068e+07 8.274742558980059670e-02
1.010362048119993508e+07 8.303333149343165853e-02
1.013572183983271196e+07 8.332083483932460621e-02
1.016792519133307412e+07 8.360994792751358373e-02
1.020023085975416936e+07 8.390068316268257942e-02
1.023263917017865181e+07 8.419305305518987037e-02
1.026515044872211106e+07 8.448707022210678874e-02
1.029776502253619954e+07 8.478274738826450940e-02
1.033048321981207840e+07 8.508009738731564520e-02
1.036330536978355795e+07 8.537913316280466847e-02
1.039623180273058265e+07 8.567986776925297365e-02
1.042926284998237714e+07 8.598231437325257187e-02
1.046239884392095916e+07 8.628648625457591148e-02
1.049564011798430979e+07 8.659239680729373390e-02
1.052898700666989572e+07 8.690005954090918028e-02
1.056243984553786926e+07 8.720948808150101594e-02
1.059599897121461667e+07 8.752069617288299463e-02
1.062966472139596939e+07 8.783369767777242376e-02
1.066343743485077843e+07 8.814850657897535524e-02
1.069731745142414980e+07 8.846513698058167119e-02
1.073130511204103567e+07 8.878360310917657316e-02
1.076540075870949030e+07 8.910391931506236873e-02
1.079960473452429287e+07 8.942610007349692525e-02
1.083391738367021643e+07 8.975015998594358668e-02
1.086833905142567120e+07 9.007611378133686952e-02
1.090287008416600339e+07 9.040397631736056538e-02
1.093751082936715521e+07 9.073376258174213616e-02
1.097226163560898602e+07 9.106548769355932160e-02
1.100712285257895663e+07 9.139916690456392767e-02
1.104209483107546903e+07 9.173481560051785499e-02
1.107717792301157676e+07 9.207244930254690485e-02
1.111237248141834885e+07 9.241208366850685307e-02
1.114767886044859700e+07 9.275373449436784268e-02
1.118309741538025998e+07 9.309741771561176604e-02
1.121862850262016430e+07 9.344314940864779928e-02
1.125427247970742546e+07 9.379094579224113437e-02
1.129002970531722717e+07 9.414082322896141775e-02
1.132590053926425055e+07 9.449279822664359563e-02
1.136188534250647388e+07 9.484688743986925685e-02
1.139798447714862786e+07 9.520310767146074327e-02
1.143419830644601583e+07 9.556147587399639598e-02
1.147052719480799139e+07 9.592200915133881900e-02
1.150697150780180469e+07 9.628472476018477832e-02
1.154353161215610057e+07 9.664964011162799351e-02
1.158020787576478720e+07 9.701677277274493860e-02
1.161700066769056208e+07 9.738614046819346615e-02
1.165391035816880688e+07 9.775776108183471813e-02
1.169093731861112453e+07 9.813165265836862328e-02
1.172808192160926573e+07 9.850783340499291718e-02
1.176534454093868844e+07 9.888632169307645658e-02
1.180272555156251602e+07 9.926713605985625077e-02
1.184022532963510975e+07 9.965029521014971692e-02
1.187784425250604935e+07 1.000358180180902778e-01
1.191558269872374088e+07 1.004237235288793773e-01
1.195344104803941213e+07 1.008140309605625173e-01
1.199141968141075037e+07 1.012067597058215196e-01
1.202951898100589216e+07 1.016019293337912938e-01
1.206773933020721190e+07 1.019995595918950920e-01
1.210608111361511797e+07 1.023996704077013986e-01
1.214454471705197729e+07 1.028022818908025660e-01
